Loading config from configs\gamecfg6.json
Loading neural network from nn\nn_6.pkl
Starting client
Connecting to host 'localhost' port 8006
Connected successfully
joined the game successfully
Side: Blue
2 1
[19.0, 2.8284271247461903, 1.0, 1.4142135623730951, 1.0, 1.4142135623730951, 19.0, 19.79898987322333, 0, 0, 0, 0, 0, 0, 0, 0, 12, 6, 4, 1]
1 2
[18.0, 1.4142135623730951, 1.0, 1.4142135623730951, 1.0, 2.8284271247461903, 20.0, 9.899494936611665, 0, 0, 0, 0, 0, 0, 0, 0, 12, 6, 4, 1]
3 1
[19.0, 4.242640687119285, 1.0, 1.4142135623730951, 1.0, 1.4142135623730951, 18.0, 5.656854249492381, 0, 0, 0, 0, 0, 0, 0, 0, 12, 6, 4, 1]
2 2
[18.0, 2.8284271247461903, 2.0, 1.4142135623730951, 1.0, 2.8284271247461903, 19.0, 9.899494936611665, 0, 0, 0, 0, 0, 0, 0, 0, 12, 6, 4, 1]
3 2
[18.0, 4.242640687119285, 1.0, 1.4142135623730951, 2.0, 2.8284271247461903, 18.0, 18.384776310850235, 0, 0, 0, 0, 0, 0, 0, 0, 12, 6, 4, 1]
2 3
[17.0, 2.8284271247461903, 2.0, 2.8284271247461903, 1.0, 4.242640687119285, 5.0, 8.48528137423857, 0, 0, 0, 0, 0, 0, 0, 0, 12, 6, 4, 1]
1 2
[18.0, 1.4142135623730951, 1.0, 1.4142135623730951, 1.0, 1.4142135623730951, 1.0, 9.899494936611665, 0, 0, 0, 0, 0, 0, 0, 0, 12, 6, 4, 1]
3 1
[1.0, 1.4142135623730951, 1.0, 1.4142135623730951, 1.0, 1.4142135623730951, 18.0, 5.656854249492381, 0, 0, 0, 0, 0, 0, 0, 0, 12, 6, 4, 1]
4 2
[18.0, 5.656854249492381, 1.0, 2.8284271247461903, 2.0, 2.8284271247461903, 17.0, 4.242640687119285, 0, 0, 0, 0, 0, 0, 0, 0, 12, 6, 4, 1]
3 3
[17.0, 4.242640687119285, 3.0, 1.4142135623730951, 1.0, 4.242640687119285, 4.0, 8.48528137423857, 0, 0, 0, 0, 0, 0, 0, 0, 12, 6, 4, 1]
4 3
[17.0, 5.656854249492381, 1.0, 1.4142135623730951, 3.0, 4.242640687119285, 3.0, 16.97056274847714, 0, 0, 0, 0, 0, 0, 0, 0, 12, 6, 4, 1]
3 4
[16.0, 4.242640687119285, 3.0, 4.242640687119285, 1.0, 5.656854249492381, 4.0, 7.0710678118654755, 0, 0, 0, 0, 0, 0, 0, 0, 12, 6, 4, 1]
2 3
[17.0, 2.8284271247461903, 2.0, 2.8284271247461903, 1.0, 1.4142135623730951, 1.0, 8.48528137423857, 0, 0, 0, 0, 0, 0, 0, 0, 12, 6, 4, 1]
4 2
[1.0, 1.4142135623730951, 1.0, 2.8284271247461903, 2.0, 2.8284271247461903, 17.0, 4.242640687119285, 0, 0, 0, 0, 0, 0, 0, 0, 12, 6, 4, 1]
5 3
[17.0, 7.0710678118654755, 1.0, 4.242640687119285, 3.0, 4.242640687119285, 2.0, 2.8284271247461903, 0, 0, 0, 0, 0, 0, 0, 0, 12, 6, 4, 1]
4 4
[16.0, 5.656854249492381, 4.0, 1.4142135623730951, 1.0, 5.656854249492381, 3.0, 7.0710678118654755, 0, 0, 0, 0, 0, 0, 0, 0, 12, 6, 4, 1]
5 4
[16.0, 7.0710678118654755, 1.0, 1.4142135623730951, 4.0, 5.656854249492381, 2.0, 15.556349186104045, 0, 0, 0, 0, 0, 0, 0, 0, 12, 6, 4, 1]
4 5
[15.0, 5.656854249492381, 4.0, 5.656854249492381, 1.0, 7.0710678118654755, 3.0, 5.656854249492381, 0, 0, 0, 0, 0, 0, 0, 0, 12, 6, 4, 1]
3 4
[16.0, 4.242640687119285, 3.0, 4.242640687119285, 1.0, 1.4142135623730951, 1.0, 7.0710678118654755, 0, 0, 0, 0, 0, 0, 0, 0, 12, 6, 4, 1]
5 3
[1.0, 1.4142135623730951, 1.0, 4.242640687119285, 3.0, 4.242640687119285, 2.0, 2.8284271247461903, 0, 0, 0, 0, 0, 0, 0, 0, 12, 6, 4, 1]
6 4
[16.0, 8.48528137423857, 1.0, 5.656854249492381, 4.0, 1.4142135623730951, 1.0, 1.4142135623730951, 0, 0, 0, 0, 0, 0, 0, 0, 12, 6, 4, 1]
5 5
[15.0, 7.0710678118654755, 5.0, 1.4142135623730951, 1.0, 2.8284271247461903, 2.0, 5.656854249492381, 0, 0, 0, 0, 0, 0, 0, 0, 12, 6, 4, 1]
6 5
[15.0, 8.48528137423857, 1.0, 1.4142135623730951, 5.0, 1.4142135623730951, 1.0, 14.142135623730951, 0, 0, 0, 0, 0, 0, 0, 0, 12, 6, 4, 1]
5 6
[14.0, 7.0710678118654755, 5.0, 7.0710678118654755, 1.0, 2.8284271247461903, 16.0, 4.242640687119285, 0, 0, 0, 0, 0, 0, 0, 0, 12, 6, 4, 1]
4 5
[15.0, 5.656854249492381, 4.0, 5.656854249492381, 1.0, 1.4142135623730951, 1.0, 5.656854249492381, 0, 0, 0, 0, 0, 0, 0, 0, 12, 6, 4, 1]
6 4
[1.0, 1.4142135623730951, 1.0, 5.656854249492381, 4.0, 1.4142135623730951, 1.0, 1.4142135623730951, 0, 0, 0, 0, 0, 0, 0, 0, 12, 6, 4, 1]
6 6
[14.0, 8.48528137423857, 6.0, 1.4142135623730951, 1.0, 1.4142135623730951, 15.0, 4.242640687119285, 0, 0, 0, 0, 0, 0, 0, 0, 12, 6, 4, 1]
7 6
[3.0, 9.899494936611665, 1.0, 1.4142135623730951, 1.0, 1.4142135623730951, 14.0, 12.727922061357855, 0, 0, 0, 0, 0, 0, 0, 0, 12, 6, 4, 1]
6 7
[13.0, 8.48528137423857, 6.0, 8.48528137423857, 1.0, 2.8284271247461903, 15.0, 2.8284271247461903, 0, 0, 0, 0, 0, 0, 0, 0, 12, 6, 4, 1]
5 6
[14.0, 7.0710678118654755, 5.0, 7.0710678118654755, 1.0, 1.4142135623730951, 1.0, 4.242640687119285, 0, 0, 0, 0, 0, 0, 0, 0, 12, 6, 4, 1]
7 7
[2.0, 9.899494936611665, 1.0, 1.4142135623730951, 2.0, 2.8284271247461903, 14.0, 2.8284271247461903, 0, 0, 0, 0, 0, 0, 0, 0, 12, 6, 4, 1]
6 8
[12.0, 8.48528137423857, 6.0, 8.48528137423857, 1.0, 4.242640687119285, 15.0, 1.4142135623730951, 0, 0, 0, 0, 0, 0, 0, 0, 12, 6, 4, 1]
5 7
[13.0, 7.0710678118654755, 5.0, 7.0710678118654755, 2.0, 1.4142135623730951, 1.0, 2.8284271247461903, 0, 0, 0, 0, 0, 0, 0, 0, 12, 6, 4, 1]
7 8
[1.0, 9.899494936611665, 1.0, 1.4142135623730951, 3.0, 11.313708498984761, 14.0, 1.4142135623730951, 0, 0, 0, 0, 0, 0, 0, 0, 12, 6, 4, 1]
6 9
[11.0, 8.48528137423857, 6.0, 8.48528137423857, 1.0, 12.727922061357855, 1.0, 1.4142135623730951, 0, 0, 0, 0, 0, 0, 0, 0, 12, 6, 4, 1]
5 8
[12.0, 7.0710678118654755, 5.0, 7.0710678118654755, 3.0, 1.4142135623730951, 1.0, 2.8284271247461903, 0, 0, 0, 0, 0, 0, 0, 0, 12, 6, 4, 1]
6 10
[10.0, 8.48528137423857, 6.0, 8.48528137423857, 1.0, 1.4142135623730951, 1.0, 1.4142135623730951, 0, 0, 0, 0, 0, 0, 0, 0, 12, 6, 4, 1]
5 9
[11.0, 7.0710678118654755, 5.0, 7.0710678118654755, 4.0, 1.4142135623730951, 1.0, 2.8284271247461903, 0, 0, 0, 0, 0, 0, 0, 0, 12, 6, 4, 1]
6 11
[9.0, 8.48528137423857, 6.0, 8.48528137423857, 1.0, 1.4142135623730951, 1.0, 12.727922061357855, 0, 0, 0, 0, 0, 0, 0, 0, 12, 6, 4, 1]
5 10
[10.0, 7.0710678118654755, 5.0, 7.0710678118654755, 5.0, 1.4142135623730951, 1.0, 14.142135623730951, 0, 0, 0, 0, 0, 0, 0, 0, 12, 6, 4, 1]
6 12
[8.0, 8.48528137423857, 6.0, 8.48528137423857, 1.0, 1.4142135623730951, 15.0, 4.242640687119285, 0, 0, 0, 0, 0, 0, 0, 0, 12, 6, 4, 1]
5 11
[9.0, 7.0710678118654755, 5.0, 7.0710678118654755, 6.0, 1.4142135623730951, 1.0, 5.656854249492381, 0, 0, 0, 0, 0, 0, 0, 0, 12, 6, 4, 1]
7 12
[3.0, 9.899494936611665, 1.0, 1.4142135623730951, 1.0, 1.4142135623730951, 14.0, 11.313708498984761, 0, 0, 0, 0, 0, 0, 0, 0, 12, 6, 4, 1]
6 13
[7.0, 8.48528137423857, 6.0, 8.48528137423857, 1.0, 2.8284271247461903, 15.0, 2.8284271247461903, 0, 0, 0, 0, 0, 0, 0, 0, 12, 6, 4, 1]
5 12
[8.0, 7.0710678118654755, 5.0, 7.0710678118654755, 7.0, 1.4142135623730951, 1.0, 4.242640687119285, 0, 0, 0, 0, 0, 0, 0, 0, 12, 6, 4, 1]
8 12
[3.0, 11.313708498984761, 1.0, 1.4142135623730951, 1.0, 1.4142135623730951, 13.0, 11.313708498984761, 0, 0, 0, 0, 0, 0, 0, 0, 12, 6, 4, 1]
7 13
[2.0, 9.899494936611665, 7.0, 1.4142135623730951, 1.0, 2.8284271247461903, 14.0, 2.8284271247461903, 0, 0, 0, 0, 0, 0, 0, 0, 12, 6, 4, 1]
9 12
[3.0, 11.313708498984761, 1.0, 1.4142135623730951, 1.0, 9.899494936611665, 12.0, 11.313708498984761, 0, 0, 0, 0, 0, 0, 0, 0, 12, 6, 4, 1]
8 13
[2.0, 9.899494936611665, 8.0, 1.4142135623730951, 1.0, 11.313708498984761, 13.0, 9.899494936611665, 0, 0, 0, 0, 0, 0, 0, 0, 12, 6, 4, 1]
9 13
[2.0, 2.8284271247461903, 1.0, 1.4142135623730951, 2.0, 11.313708498984761, 12.0, 9.899494936611665, 0, 0, 0, 0, 0, 0, 0, 0, 12, 6, 4, 1]
8 14
[1.0, 1.4142135623730951, 8.0, 2.8284271247461903, 1.0, 12.727922061357855, 13.0, 1.4142135623730951, 0, 0, 0, 0, 0, 0, 0, 0, 12, 6, 4, 1]
7 13
[2.0, 9.899494936611665, 7.0, 1.4142135623730951, 1.0, 1.4142135623730951, 1.0, 2.8284271247461903, 0, 0, 0, 0, 0, 0, 0, 0, 12, 6, 4, 1]
9 12
[1.0, 1.4142135623730951, 1.0, 1.4142135623730951, 1.0, 9.899494936611665, 12.0, 11.313708498984761, 0, 0, 0, 0, 0, 0, 0, 0, 12, 6, 4, 1]
10 13
[7.0, 2.8284271247461903, 1.0, 2.8284271247461903, 13.0, 11.313708498984761, 11.0, 9.899494936611665, 0, 0, 0, 0, 0, 0, 0, 0, 12, 6, 4, 1]
9 14
[1.0, 1.4142135623730951, 9.0, 1.4142135623730951, 1.0, 12.727922061357855, 12.0, 8.48528137423857, 0, 0, 0, 0, 0, 0, 0, 0, 12, 6, 4, 1]
10 14
[6.0, 1.4142135623730951, 1.0, 1.4142135623730951, 14.0, 15.556349186104045, 11.0, 8.48528137423857, 0, 0, 0, 0, 0, 0, 0, 0, 12, 6, 4, 2]
8 14
[1.0, 1.4142135623730951, 8.0, 2.8284271247461903, 1.0, 1.4142135623730951, 1.0, 1.4142135623730951, 0, 0, 0, 0, 0, 0, 0, 0, 12, 6, 4, 2]
10 13
[1.0, 1.4142135623730951, 1.0, 2.8284271247461903, 13.0, 11.313708498984761, 11.0, 9.899494936611665, 0, 0, 0, 0, 0, 0, 0, 0, 12, 6, 4, 3]
11 14
[6.0, 2.8284271247461903, 1.0, 4.242640687119285, 14.0, 7.0710678118654755, 10.0, 8.48528137423857, 0, 0, 0, 0, 0, 0, 0, 0, 12, 6, 4, 3]
10 15
[5.0, 1.4142135623730951, 1.0, 1.4142135623730951, 1.0, 8.48528137423857, 6.0, 7.0710678118654755, 0, 0, 0, 0, 0, 0, 0, 0, 12, 6, 4, 3]
11 15
[5.0, 2.8284271247461903, 1.0, 1.4142135623730951, 15.0, 7.0710678118654755, 5.0, 7.0710678118654755, 0, 0, 0, 0, 0, 0, 0, 0, 12, 6, 4, 4]
10 16
[4.0, 1.4142135623730951, 1.0, 1.4142135623730951, 1.0, 8.48528137423857, 6.0, 5.656854249492381, 0, 0, 0, 0, 0, 0, 0, 0, 12, 6, 4, 4]
11 16
[4.0, 5.656854249492381, 1.0, 1.4142135623730951, 16.0, 7.0710678118654755, 5.0, 5.656854249492381, 0, 0, 0, 0, 0, 0, 0, 0, 12, 6, 4, 5]
10 17
[3.0, 4.242640687119285, 1.0, 1.4142135623730951, 1.0, 8.48528137423857, 6.0, 4.242640687119285, 0, 0, 0, 0, 0, 0, 0, 0, 12, 6, 4, 5]
11 17
[3.0, 4.242640687119285, 1.0, 1.4142135623730951, 17.0, 8.48528137423857, 5.0, 4.242640687119285, 0, 0, 0, 0, 0, 0, 0, 0, 12, 6, 4, 6]
10 18
[2.0, 2.8284271247461903, 10.0, 1.4142135623730951, 1.0, 9.899494936611665, 11.0, 2.8284271247461903, 0, 0, 0, 0, 0, 0, 0, 0, 12, 6, 4, 6]
11 18
[2.0, 2.8284271247461903, 1.0, 1.4142135623730951, 18.0, 9.899494936611665, 10.0, 2.8284271247461903, 0, 0, 0, 0, 0, 0, 0, 0, 12, 6, 4, 7]
10 19
[1.0, 1.4142135623730951, 10.0, 2.8284271247461903, 1.0, 11.313708498984761, 11.0, 1.4142135623730951, 0, 0, 0, 0, 0, 0, 0, 0, 12, 6, 4, 7]
9 18
[2.0, 2.8284271247461903, 9.0, 1.4142135623730951, 1.0, 1.4142135623730951, 1.0, 2.8284271247461903, 0, 0, 0, 0, 0, 0, 0, 0, 12, 6, 4, 7]
11 19
[1.0, 1.4142135623730951, 1.0, 1.4142135623730951, 19.0, 14.142135623730951, 10.0, 1.4142135623730951, 0, 0, 0, 0, 0, 0, 0, 0, 12, 6, 4, 8]
9 19
[1.0, 1.4142135623730951, 9.0, 2.8284271247461903, 2.0, 1.4142135623730951, 1.0, 1.4142135623730951, 0, 0, 0, 0, 0, 0, 0, 0, 12, 6, 4, 8]
9 18
[1.0, 2.8284271247461903, 9.0, 1.4142135623730951, 1.0, 1.4142135623730951, 1.0, 1.4142135623730951, 0, 0, 0, 0, 0, 0, 0, 0, 12, 6, 4, 9]
8 19
[1.0, 1.4142135623730951, 8.0, 11.313708498984761, 2.0, 2.8284271247461903, 1.0, 1.4142135623730951, 0, 0, 0, 0, 0, 0, 0, 0, 12, 6, 4, 9]
8 18
[1.0, 2.8284271247461903, 8.0, 1.4142135623730951, 1.0, 1.4142135623730951, 2.0, 1.4142135623730951, 0, 0, 0, 0, 0, 0, 0, 0, 12, 6, 4, 10]
7 19
[1.0, 1.4142135623730951, 7.0, 9.899494936611665, 2.0, 2.8284271247461903, 1.0, 1.4142135623730951, 0, 0, 0, 0, 0, 0, 0, 0, 12, 6, 4, 10]
7 18
[1.0, 2.8284271247461903, 7.0, 9.899494936611665, 1.0, 1.4142135623730951, 3.0, 1.4142135623730951, 0, 0, 0, 0, 0, 0, 0, 0, 12, 6, 4, 50]
6 19
[1.0, 1.4142135623730951, 6.0, 8.48528137423857, 7.0, 2.8284271247461903, 1.0, 1.4142135623730951, 0, 0, 0, 0, 0, 0, 0, 0, 12, 6, 4, 50]
Winner side: Blue
Details:
  Scores:
    Blue -> 30
    Yellow -> -19
