Loading config from configs\gamecfg43.json
Loading neural network from nn\nn_43.pkl
Starting client
Connecting to host 'localhost' port 8043
Connected successfully
joined the game successfully
Side: Blue
2 1
[19.0, 2.8284271247461903, 1.0, 1.4142135623730951, 1.0, 1.4142135623730951, 19.0, 19.79898987322333, 0, 0, 0, 0, 0, 0, 0, 0, 12, 6, 4, 1]
1 2
[18.0, 1.4142135623730951, 1.0, 1.4142135623730951, 1.0, 2.8284271247461903, 20.0, 9.899494936611665, 0, 0, 0, 0, 0, 0, 0, 0, 12, 6, 4, 1]
2 2
[18.0, 2.8284271247461903, 1.0, 1.4142135623730951, 2.0, 2.8284271247461903, 19.0, 9.899494936611665, 0, 0, 0, 0, 0, 0, 0, 0, 12, 6, 4, 1]
1 3
[17.0, 1.4142135623730951, 1.0, 1.4142135623730951, 1.0, 4.242640687119285, 6.0, 8.48528137423857, 0, 0, 0, 0, 0, 0, 0, 0, 12, 6, 4, 1]
2 3
[17.0, 2.8284271247461903, 1.0, 1.4142135623730951, 3.0, 4.242640687119285, 5.0, 8.48528137423857, 0, 0, 0, 0, 0, 0, 0, 0, 12, 6, 4, 1]
1 4
[16.0, 1.4142135623730951, 1.0, 1.4142135623730951, 1.0, 5.656854249492381, 6.0, 8.48528137423857, 0, 0, 0, 0, 0, 0, 0, 0, 12, 6, 4, 1]
2 4
[16.0, 2.8284271247461903, 1.0, 1.4142135623730951, 4.0, 5.656854249492381, 5.0, 7.0710678118654755, 0, 0, 0, 0, 0, 0, 0, 0, 12, 6, 4, 1]
1 5
[15.0, 1.4142135623730951, 1.0, 1.4142135623730951, 1.0, 7.0710678118654755, 6.0, 8.48528137423857, 0, 0, 0, 0, 0, 0, 0, 0, 12, 6, 4, 1]
2 5
[15.0, 2.8284271247461903, 1.0, 1.4142135623730951, 5.0, 7.0710678118654755, 5.0, 7.0710678118654755, 0, 0, 0, 0, 0, 0, 0, 0, 12, 6, 4, 1]
1 6
[14.0, 1.4142135623730951, 1.0, 1.4142135623730951, 1.0, 8.48528137423857, 20.0, 19.79898987322333, 0, 0, 0, 0, 0, 0, 0, 0, 12, 6, 4, 1]
2 4
[1.0, 1.4142135623730951, 1.0, 1.4142135623730951, 4.0, 5.656854249492381, 5.0, 7.0710678118654755, 0, 0, 0, 0, 0, 0, 0, 0, 12, 6, 4, 1]
3 5
[15.0, 4.242640687119285, 1.0, 2.8284271247461903, 5.0, 7.0710678118654755, 4.0, 5.656854249492381, 0, 0, 0, 0, 0, 0, 0, 0, 12, 6, 4, 1]
2 6
[14.0, 2.8284271247461903, 2.0, 1.4142135623730951, 1.0, 8.48528137423857, 19.0, 7.0710678118654755, 0, 0, 0, 0, 0, 0, 0, 0, 12, 6, 4, 1]
3 4
[1.0, 1.4142135623730951, 2.0, 2.8284271247461903, 4.0, 5.656854249492381, 4.0, 7.0710678118654755, 0, 0, 0, 0, 0, 0, 0, 0, 12, 6, 4, 1]
4 5
[15.0, 5.656854249492381, 1.0, 4.242640687119285, 5.0, 7.0710678118654755, 3.0, 5.656854249492381, 0, 0, 0, 0, 0, 0, 0, 0, 12, 6, 4, 1]
3 6
[14.0, 4.242640687119285, 3.0, 1.4142135623730951, 1.0, 8.48528137423857, 18.0, 5.656854249492381, 0, 0, 0, 0, 0, 0, 0, 0, 12, 6, 4, 1]
4 4
[1.0, 1.4142135623730951, 3.0, 4.242640687119285, 4.0, 5.656854249492381, 3.0, 7.0710678118654755, 0, 0, 0, 0, 0, 0, 0, 0, 12, 6, 4, 1]
5 5
[15.0, 7.0710678118654755, 1.0, 5.656854249492381, 5.0, 2.8284271247461903, 2.0, 5.656854249492381, 0, 0, 0, 0, 0, 0, 0, 0, 12, 6, 4, 1]
4 6
[14.0, 5.656854249492381, 4.0, 1.4142135623730951, 1.0, 4.242640687119285, 17.0, 4.242640687119285, 0, 0, 0, 0, 0, 0, 0, 0, 12, 6, 4, 1]
5 4
[1.0, 1.4142135623730951, 4.0, 5.656854249492381, 4.0, 5.656854249492381, 2.0, 15.556349186104045, 0, 0, 0, 0, 0, 0, 0, 0, 12, 6, 4, 1]
6 5
[15.0, 8.48528137423857, 1.0, 7.0710678118654755, 5.0, 1.4142135623730951, 1.0, 14.142135623730951, 0, 0, 0, 0, 0, 0, 0, 0, 12, 6, 4, 1]
5 6
[14.0, 7.0710678118654755, 5.0, 1.4142135623730951, 1.0, 2.8284271247461903, 16.0, 4.242640687119285, 0, 0, 0, 0, 0, 0, 0, 0, 12, 6, 4, 1]
6 4
[1.0, 1.4142135623730951, 5.0, 5.656854249492381, 4.0, 1.4142135623730951, 1.0, 1.4142135623730951, 0, 0, 0, 0, 0, 0, 0, 0, 12, 6, 4, 1]
6 6
[14.0, 8.48528137423857, 6.0, 1.4142135623730951, 1.0, 1.4142135623730951, 15.0, 4.242640687119285, 0, 0, 0, 0, 0, 0, 0, 0, 12, 6, 4, 1]
6 3
[1.0, 2.8284271247461903, 5.0, 4.242640687119285, 3.0, 4.242640687119285, 1.0, 1.4142135623730951, 0, 0, 0, 0, 0, 0, 0, 0, 12, 6, 4, 1]
5 4
[1.0, 1.4142135623730951, 4.0, 5.656854249492381, 4.0, 5.656854249492381, 1.0, 1.4142135623730951, 0, 0, 0, 0, 0, 0, 0, 0, 12, 6, 4, 1]
5 3
[1.0, 2.8284271247461903, 4.0, 4.242640687119285, 3.0, 4.242640687119285, 2.0, 1.4142135623730951, 0, 0, 0, 0, 0, 0, 0, 0, 12, 6, 4, 1]
5 5
[15.0, 7.0710678118654755, 1.0, 5.656854249492381, 1.0, 1.4142135623730951, 1.0, 5.656854249492381, 0, 0, 0, 0, 0, 0, 0, 0, 12, 6, 3, 0]
4 4
[1.0, 1.4142135623730951, 3.0, 4.242640687119285, 4.0, 5.656854249492381, 1.0, 1.4142135623730951, 0, 0, 0, 0, 0, 0, 0, 0, 12, 6, 4, 1]
6 5
[15.0, 8.48528137423857, 1.0, 1.4142135623730951, 1.0, 1.4142135623730951, 1.0, 14.142135623730951, 0, 0, 0, 0, 0, 0, 0, 0, 11, 6, 3, -1]
5 6
[14.0, 7.0710678118654755, 5.0, 1.4142135623730951, 1.0, 1.4142135623730951, 16.0, 4.242640687119285, 0, 0, 0, 0, 0, 0, 0, 0, 11, 6, 4, 0]
4 5
[15.0, 5.656854249492381, 1.0, 4.242640687119285, 5.0, 1.4142135623730951, 1.0, 5.656854249492381, 0, 0, 0, 0, 0, 0, 0, 0, 11, 6, 3, -1]
4 4
[1.0, 1.4142135623730951, 3.0, 4.242640687119285, 4.0, 5.656854249492381, 1.0, 1.4142135623730951, 0, 0, 0, 0, 0, 0, 0, 0, 10, 5, 4, -1]
4 6
[14.0, 5.656854249492381, 4.0, 1.4142135623730951, 1.0, 1.4142135623730951, 17.0, 4.242640687119285, 0, 0, 0, 0, 0, 0, 0, 0, 10, 5, 4, -1]
3 5
[15.0, 4.242640687119285, 1.0, 2.8284271247461903, 5.0, 7.0710678118654755, 1.0, 5.656854249492381, 0, 0, 0, 0, 0, 0, 0, 0, 10, 5, 3, -2]
3 4
[1.0, 1.4142135623730951, 2.0, 2.8284271247461903, 4.0, 5.656854249492381, 2.0, 1.4142135623730951, 0, 0, 0, 0, 0, 0, 0, 0, 9, 4, 4, -2]
3 6
[14.0, 4.242640687119285, 3.0, 1.4142135623730951, 1.0, 1.4142135623730951, 18.0, 5.656854249492381, 0, 0, 0, 0, 0, 0, 0, 0, 9, 4, 4, -2]
2 5
[15.0, 2.8284271247461903, 1.0, 1.4142135623730951, 5.0, 7.0710678118654755, 1.0, 7.0710678118654755, 0, 0, 0, 0, 0, 0, 0, 0, 9, 4, 3, -3]
2 4
[1.0, 1.4142135623730951, 1.0, 1.4142135623730951, 4.0, 5.656854249492381, 3.0, 1.4142135623730951, 0, 0, 0, 0, 0, 0, 0, 0, 8, 3, 4, -3]
2 6
[14.0, 2.8284271247461903, 2.0, 1.4142135623730951, 1.0, 1.4142135623730951, 19.0, 7.0710678118654755, 0, 0, 0, 0, 0, 0, 0, 0, 8, 3, 4, -3]
1 5
[15.0, 1.4142135623730951, 1.0, 1.4142135623730951, 1.0, 7.0710678118654755, 1.0, 8.48528137423857, 0, 0, 0, 0, 0, 0, 0, 0, 8, 3, 3, -4]
1 4
[1.0, 1.4142135623730951, 1.0, 1.4142135623730951, 1.0, 5.656854249492381, 4.0, 1.4142135623730951, 0, 0, 0, 0, 0, 0, 0, 0, 7, 2, 3, -5]
1 6
[14.0, 1.4142135623730951, 1.0, 1.4142135623730951, 1.0, 1.4142135623730951, 20.0, 19.79898987322333, 0, 0, 0, 0, 0, 0, 0, 0, 7, 2, 4, -4]
1 3
[1.0, 1.4142135623730951, 1.0, 1.4142135623730951, 1.0, 4.242640687119285, 6.0, 2.8284271247461903, 0, 0, 0, 0, 0, 0, 0, 0, 6, 1, 3, -6]
2 4
[1.0, 1.4142135623730951, 1.0, 1.4142135623730951, 4.0, 5.656854249492381, 3.0, 1.4142135623730951, 0, 0, 0, 0, 0, 0, 0, 0, 6, 1, 4, -5]
2 3
[1.0, 1.4142135623730951, 1.0, 1.4142135623730951, 3.0, 4.242640687119285, 5.0, 2.8284271247461903, 0, 0, 0, 0, 0, 0, 0, 0, 12, 6, 4, -5]
3 4
[1.0, 1.4142135623730951, 1.0, 2.8284271247461903, 4.0, 5.656854249492381, 2.0, 1.4142135623730951, 0, 0, 0, 0, 0, 0, 0, 0, 12, 6, 4, -5]
2 5
[15.0, 2.8284271247461903, 1.0, 1.4142135623730951, 1.0, 7.0710678118654755, 1.0, 7.0710678118654755, 0, 0, 0, 0, 0, 0, 0, 0, 12, 6, 3, -6]
3 5
[15.0, 4.242640687119285, 1.0, 1.4142135623730951, 5.0, 7.0710678118654755, 1.0, 5.656854249492381, 0, 0, 0, 0, 0, 0, 0, 0, 12, 6, 2, -7]
2 6
[14.0, 2.8284271247461903, 2.0, 1.4142135623730951, 1.0, 1.4142135623730951, 19.0, 7.0710678118654755, 0, 0, 0, 0, 0, 0, 0, 0, 12, 6, 3, -6]
1 5
[15.0, 1.4142135623730951, 1.0, 1.4142135623730951, 1.0, 1.4142135623730951, 1.0, 8.48528137423857, 0, 0, 0, 0, 0, 0, 0, 0, 12, 6, 2, -7]
3 4
[1.0, 1.4142135623730951, 1.0, 2.8284271247461903, 4.0, 5.656854249492381, 2.0, 1.4142135623730951, 0, 0, 0, 0, 0, 0, 0, 0, 12, 6, 2, -7]
4 5
[15.0, 5.656854249492381, 1.0, 4.242640687119285, 5.0, 1.4142135623730951, 1.0, 5.656854249492381, 0, 0, 0, 0, 0, 0, 0, 0, 12, 6, 1, -8]
3 6
[14.0, 4.242640687119285, 3.0, 1.4142135623730951, 1.0, 1.4142135623730951, 18.0, 5.656854249492381, 0, 0, 0, 0, 0, 0, 0, 0, 12, 6, 2, -7]
3 3
[1.0, 1.4142135623730951, 2.0, 2.8284271247461903, 3.0, 4.242640687119285, 4.0, 2.8284271247461903, 0, 0, 0, 0, 0, 0, 0, 0, 12, 6, 2, -7]
4 4
[1.0, 1.4142135623730951, 1.0, 4.242640687119285, 4.0, 5.656854249492381, 1.0, 1.4142135623730951, 0, 0, 0, 0, 0, 0, 0, 0, 12, 6, 2, -7]
2 4
[1.0, 1.4142135623730951, 1.0, 1.4142135623730951, 4.0, 5.656854249492381, 1.0, 1.4142135623730951, 0, 0, 0, 0, 0, 0, 0, 0, 12, 6, 1, -8]
4 3
[1.0, 1.4142135623730951, 3.0, 4.242640687119285, 3.0, 4.242640687119285, 3.0, 1.4142135623730951, 0, 0, 0, 0, 0, 0, 0, 0, 12, 6, 2, -7]
5 4
[1.0, 1.4142135623730951, 1.0, 5.656854249492381, 4.0, 5.656854249492381, 1.0, 1.4142135623730951, 0, 0, 0, 0, 0, 0, 0, 0, 12, 6, 1, -8]
4 5
[15.0, 5.656854249492381, 1.0, 1.4142135623730951, 1.0, 1.4142135623730951, 1.0, 5.656854249492381, 0, 0, 0, 0, 0, 0, 0, 0, 12, 6, 1, -8]
5 3
[1.0, 1.4142135623730951, 4.0, 4.242640687119285, 3.0, 4.242640687119285, 2.0, 1.4142135623730951, 0, 0, 0, 0, 0, 0, 0, 0, 12, 6, 1, -8]
6 4
[1.0, 1.4142135623730951, 1.0, 5.656854249492381, 4.0, 1.4142135623730951, 1.0, 1.4142135623730951, 0, 0, 0, 0, 0, 0, 0, 0, 12, 6, 1, -49]
5 5
[15.0, 7.0710678118654755, 1.0, 1.4142135623730951, 1.0, 1.4142135623730951, 1.0, 5.656854249492381, 0, 0, 0, 0, 0, 0, 0, 0, 12, 6, 1, -49]
5 2
[1.0, 2.8284271247461903, 4.0, 2.8284271247461903, 2.0, 2.8284271247461903, 16.0, 2.8284271247461903, 0, 0, 0, 0, 0, 0, 0, 0, 12, 6, 1, -8]
6 3
[1.0, 1.4142135623730951, 1.0, 4.242640687119285, 3.0, 4.242640687119285, 1.0, 1.4142135623730951, 0, 0, 0, 0, 0, 0, 0, 0, 12, 6, 1, -8]
4 3
[1.0, 1.4142135623730951, 3.0, 4.242640687119285, 3.0, 4.242640687119285, 1.0, 1.4142135623730951, 0, 0, 0, 0, 0, 0, 0, 0, 12, 6, 1, -8]
6 2
[1.0, 1.4142135623730951, 5.0, 2.8284271247461903, 2.0, 2.8284271247461903, 15.0, 1.4142135623730951, 0, 0, 0, 0, 0, 0, 0, 0, 12, 6, 1, -8]
6 4
[1.0, 1.4142135623730951, 1.0, 1.4142135623730951, 1.0, 1.4142135623730951, 1.0, 1.4142135623730951, 0, 0, 0, 0, 0, 0, 0, 0, 12, 6, 1, -49]
6 1
[1.0, 4.242640687119285, 5.0, 1.4142135623730951, 1.0, 1.4142135623730951, 15.0, 2.8284271247461903, 0, 0, 0, 0, 0, 0, 0, 0, 12, 6, 1, -8]
7 2
[1.0, 1.4142135623730951, 1.0, 2.8284271247461903, 2.0, 2.8284271247461903, 14.0, 1.4142135623730951, 0, 0, 0, 0, 0, 0, 0, 0, 12, 6, 1, -8]
5 2
[1.0, 2.8284271247461903, 4.0, 2.8284271247461903, 2.0, 2.8284271247461903, 1.0, 1.4142135623730951, 0, 0, 0, 0, 0, 0, 0, 0, 12, 6, 1, -8]
7 1
[2.0, 1.4142135623730951, 1.0, 1.4142135623730951, 1.0, 1.4142135623730951, 14.0, 2.8284271247461903, 0, 0, 0, 0, 0, 0, 0, 0, 12, 6, 1, -8]
5 1
[2.0, 4.242640687119285, 4.0, 1.4142135623730951, 1.0, 1.4142135623730951, 1.0, 1.4142135623730951, 0, 0, 0, 0, 0, 0, 0, 0, 12, 6, 1, -8]
8 1
[2.0, 2.8284271247461903, 1.0, 1.4142135623730951, 1.0, 1.4142135623730951, 13.0, 11.313708498984761, 0, 0, 0, 0, 0, 0, 0, 0, 12, 6, 1, -8]
7 2
[1.0, 1.4142135623730951, 1.0, 1.4142135623730951, 1.0, 2.8284271247461903, 14.0, 1.4142135623730951, 0, 0, 0, 0, 0, 0, 0, 0, 12, 6, 1, -8]
9 1
[2.0, 2.8284271247461903, 1.0, 1.4142135623730951, 1.0, 1.4142135623730951, 12.0, 11.313708498984761, 0, 0, 0, 0, 0, 0, 0, 0, 12, 6, 1, -8]
8 2
[1.0, 1.4142135623730951, 2.0, 1.4142135623730951, 1.0, 2.8284271247461903, 13.0, 1.4142135623730951, 0, 0, 0, 0, 0, 0, 0, 0, 12, 6, 1, -8]
10 1
[19.0, 2.8284271247461903, 1.0, 1.4142135623730951, 1.0, 1.4142135623730951, 11.0, 11.313708498984761, 0, 0, 0, 0, 0, 0, 0, 0, 12, 6, 1, -8]
9 2
[1.0, 1.4142135623730951, 3.0, 1.4142135623730951, 1.0, 2.8284271247461903, 12.0, 9.899494936611665, 0, 0, 0, 0, 0, 0, 0, 0, 12, 6, 1, -8]
11 1
[19.0, 2.8284271247461903, 1.0, 1.4142135623730951, 1.0, 1.4142135623730951, 10.0, 14.142135623730951, 0, 0, 0, 0, 0, 0, 0, 0, 12, 6, 1, -8]
10 2
[18.0, 1.4142135623730951, 4.0, 1.4142135623730951, 1.0, 2.8284271247461903, 11.0, 9.899494936611665, 0, 0, 0, 0, 0, 0, 0, 0, 12, 6, 1, -8]
12 1
[19.0, 4.242640687119285, 1.0, 1.4142135623730951, 1.0, 1.4142135623730951, 9.0, 5.656854249492381, 0, 0, 0, 0, 0, 0, 0, 0, 12, 6, 1, -8]
11 2
[18.0, 2.8284271247461903, 5.0, 1.4142135623730951, 1.0, 2.8284271247461903, 10.0, 9.899494936611665, 0, 0, 0, 0, 0, 0, 0, 0, 12, 6, 1, -8]
13 1
[19.0, 5.656854249492381, 1.0, 1.4142135623730951, 1.0, 1.4142135623730951, 8.0, 4.242640687119285, 0, 0, 0, 0, 0, 0, 0, 0, 12, 6, 1, -8]
12 2
[18.0, 4.242640687119285, 6.0, 1.4142135623730951, 1.0, 2.8284271247461903, 9.0, 12.727922061357855, 0, 0, 0, 0, 0, 0, 0, 0, 12, 6, 1, -8]
14 1
[19.0, 19.79898987322333, 1.0, 1.4142135623730951, 1.0, 1.4142135623730951, 7.0, 2.8284271247461903, 0, 0, 0, 0, 0, 0, 0, 0, 12, 6, 1, -8]
13 2
[18.0, 18.384776310850235, 7.0, 1.4142135623730951, 1.0, 2.8284271247461903, 8.0, 4.242640687119285, 0, 0, 0, 0, 0, 0, 0, 0, 12, 6, 1, -8]
15 1
[19.0, 11.313708498984761, 1.0, 1.4142135623730951, 1.0, 1.4142135623730951, 6.0, 2.8284271247461903, 0, 0, 0, 0, 0, 0, 0, 0, 12, 6, 1, -8]
14 2
[18.0, 9.899494936611665, 8.0, 1.4142135623730951, 1.0, 2.8284271247461903, 7.0, 2.8284271247461903, 0, 0, 0, 0, 0, 0, 0, 0, 12, 6, 1, -8]
16 1
[2.0, 11.313708498984761, 1.0, 1.4142135623730951, 1.0, 1.4142135623730951, 5.0, 2.8284271247461903, 0, 0, 0, 0, 0, 0, 0, 0, 12, 6, 1, -8]
15 2
[18.0, 9.899494936611665, 9.0, 1.4142135623730951, 1.0, 2.8284271247461903, 6.0, 1.4142135623730951, 0, 0, 0, 0, 0, 0, 0, 0, 12, 6, 1, -8]
17 1
[2.0, 11.313708498984761, 1.0, 1.4142135623730951, 1.0, 1.4142135623730951, 4.0, 5.656854249492381, 0, 0, 0, 0, 0, 0, 0, 0, 12, 6, 1, -8]
16 2
[1.0, 9.899494936611665, 10.0, 1.4142135623730951, 1.0, 2.8284271247461903, 5.0, 1.4142135623730951, 0, 0, 0, 0, 0, 0, 0, 0, 12, 6, 1, -8]
18 1
[2.0, 2.8284271247461903, 1.0, 1.4142135623730951, 1.0, 1.4142135623730951, 3.0, 4.242640687119285, 0, 0, 0, 0, 0, 0, 0, 0, 12, 6, 1, -8]
17 2
[1.0, 1.4142135623730951, 11.0, 1.4142135623730951, 1.0, 2.8284271247461903, 4.0, 1.4142135623730951, 0, 0, 0, 0, 0, 0, 0, 0, 12, 6, 1, -8]
19 1
[19.0, 2.8284271247461903, 1.0, 1.4142135623730951, 1.0, 1.4142135623730951, 2.0, 2.8284271247461903, 0, 0, 0, 0, 0, 0, 0, 0, 12, 6, 1, -8]
18 2
[1.0, 1.4142135623730951, 12.0, 1.4142135623730951, 1.0, 2.8284271247461903, 3.0, 4.242640687119285, 0, 0, 0, 0, 0, 0, 0, 0, 12, 6, 1, -8]
20 1
[19.0, 2.8284271247461903, 1.0, 1.4142135623730951, 1.0, 1.4142135623730951, 1.0, 1.4142135623730951, 0, 0, 0, 0, 0, 0, 0, 0, 12, 6, 1, -8]
19 2
[18.0, 1.4142135623730951, 13.0, 1.4142135623730951, 1.0, 2.8284271247461903, 2.0, 2.8284271247461903, 0, 0, 0, 0, 0, 0, 0, 0, 12, 6, 1, -8]
21 1
[19.0, 4.242640687119285, 1.0, 1.4142135623730951, 1.0, 1.4142135623730951, 1.0, 1.4142135623730951, 0, 0, 0, 0, 0, 0, 0, 0, 12, 6, 1, -8]
20 2
[18.0, 2.8284271247461903, 14.0, 1.4142135623730951, 1.0, 1.4142135623730951, 1.0, 1.4142135623730951, 0, 0, 0, 0, 0, 0, 0, 0, 12, 6, 1, -8]
22 1
[19.0, 5.656854249492381, 1.0, 1.4142135623730951, 1.0, 1.4142135623730951, 1.0, 1.4142135623730951, 0, 0, 0, 0, 0, 0, 0, 0, 12, 6, 1, -8]
21 2
[18.0, 4.242640687119285, 15.0, 1.4142135623730951, 1.0, 1.4142135623730951, 1.0, 1.4142135623730951, 0, 0, 0, 0, 0, 0, 0, 0, 12, 6, 1, -8]
23 1
[19.0, 19.79898987322333, 1.0, 1.4142135623730951, 1.0, 1.4142135623730951, 1.0, 1.4142135623730951, 0, 0, 0, 0, 0, 0, 0, 0, 12, 6, 1, -8]
22 2
[18.0, 18.384776310850235, 16.0, 1.4142135623730951, 1.0, 1.4142135623730951, 1.0, 1.4142135623730951, 0, 0, 0, 0, 0, 0, 0, 0, 12, 6, 1, -8]
24 1
[19.0, 11.313708498984761, 1.0, 1.4142135623730951, 1.0, 1.4142135623730951, 1.0, 1.4142135623730951, 0, 0, 0, 0, 0, 0, 0, 0, 12, 6, 1, -8]
23 2
[18.0, 9.899494936611665, 17.0, 1.4142135623730951, 1.0, 1.4142135623730951, 1.0, 1.4142135623730951, 0, 0, 0, 0, 0, 0, 0, 0, 12, 6, 1, -8]
25 1
[2.0, 11.313708498984761, 1.0, 1.4142135623730951, 1.0, 1.4142135623730951, 1.0, 1.4142135623730951, 0, 0, 0, 0, 0, 0, 0, 0, 12, 6, 1, -8]
24 2
[18.0, 9.899494936611665, 18.0, 1.4142135623730951, 1.0, 1.4142135623730951, 1.0, 1.4142135623730951, 0, 0, 0, 0, 0, 0, 0, 0, 12, 6, 1, -8]
26 1
[2.0, 11.313708498984761, 1.0, 1.4142135623730951, 1.0, 1.4142135623730951, 1.0, 1.4142135623730951, 0, 0, 0, 0, 0, 0, 0, 0, 12, 6, 1, -8]
25 2
[1.0, 9.899494936611665, 19.0, 1.4142135623730951, 1.0, 1.4142135623730951, 1.0, 1.4142135623730951, 0, 0, 0, 0, 0, 0, 0, 0, 12, 6, 1, -8]
27 1
[2.0, 2.8284271247461903, 1.0, 1.4142135623730951, 1.0, 1.4142135623730951, 1.0, 1.4142135623730951, 0, 0, 0, 0, 0, 0, 0, 0, 12, 6, 1, -8]
26 2
[1.0, 1.4142135623730951, 20.0, 1.4142135623730951, 1.0, 1.4142135623730951, 1.0, 1.4142135623730951, 0, 0, 0, 0, 0, 0, 0, 0, 12, 6, 1, -8]
28 1
[5.0, 2.8284271247461903, 1.0, 1.4142135623730951, 1.0, 1.4142135623730951, 1.0, 1.4142135623730951, 1, 0, 0, 0, 0, 0, 0, 0, 12, 6, 1, -8]
27 2
[1.0, 1.4142135623730951, 21.0, 1.4142135623730951, 1.0, 1.4142135623730951, 1.0, 1.4142135623730951, 0, 0, 0, 0, 0, 0, 0, 0, 12, 6, 1, -8]
29 1
[4.0, 2.8284271247461903, 1.0, 1.4142135623730951, 1.0, 1.4142135623730951, 1.0, 1.4142135623730951, 1, 0, 0, 0, 0, 0, 0, 0, 12, 6, 1, -8]
28 2
[4.0, 1.4142135623730951, 22.0, 1.4142135623730951, 1.0, 1.4142135623730951, 1.0, 1.4142135623730951, 1, 0, 0, 0, 0, 0, 0, 0, 12, 6, 1, -8]
30 1
[4.0, 4.242640687119285, 1.0, 1.4142135623730951, 1.0, 1.4142135623730951, 1.0, 1.4142135623730951, 1, 0, 0, 0, 0, 0, 0, 0, 12, 6, 1, -7]
29 2
[3.0, 2.8284271247461903, 23.0, 1.4142135623730951, 1.0, 1.4142135623730951, 1.0, 1.4142135623730951, 1, 0, 0, 0, 0, 0, 0, 0, 12, 6, 1, -7]
31 1
[4.0, 5.656854249492381, 1.0, 1.4142135623730951, 1.0, 1.4142135623730951, 1.0, 1.4142135623730951, 1, 0, 0, 0, 0, 0, 0, 0, 12, 6, 1, -7]
30 2
[3.0, 4.242640687119285, 24.0, 1.4142135623730951, 1.0, 1.4142135623730951, 1.0, 1.4142135623730951, 1, 0, 0, 0, 0, 0, 0, 0, 12, 6, 1, -7]
32 1
[4.0, 5.656854249492381, 1.0, 1.4142135623730951, 1.0, 1.4142135623730951, 1.0, 1.4142135623730951, 1, 1, 0, 0, 0, 0, 0, 0, 12, 6, 1, -7]
31 2
[3.0, 4.242640687119285, 25.0, 1.4142135623730951, 1.0, 1.4142135623730951, 1.0, 1.4142135623730951, 1, 1, 0, 0, 0, 0, 0, 0, 12, 6, 1, -7]
33 1
[4.0, 5.656854249492381, 1.0, 1.4142135623730951, 1.0, 1.4142135623730951, 1.0, 1.4142135623730951, 1, 1, 0, 0, 0, 0, 0, 0, 12, 6, 1, -7]
32 2
[3.0, 4.242640687119285, 26.0, 1.4142135623730951, 1.0, 1.4142135623730951, 1.0, 1.4142135623730951, 1, 1, 0, 0, 0, 0, 0, 0, 12, 6, 1, -7]
33 2
[3.0, 4.242640687119285, 27.0, 1.4142135623730951, 1.0, 1.4142135623730951, 1.0, 1.4142135623730951, 1, 1, 0, 0, 0, 0, 0, 0, 12, 6, 1, -7]
33 3
[2.0, 2.8284271247461903, 6.0, 2.8284271247461903, 1.0, 1.4142135623730951, 1.0, 1.4142135623730951, 1, 1, 0, 0, 0, 0, 0, 0, 12, 6, 1, -7]
32 2
[3.0, 4.242640687119285, 26.0, 1.4142135623730951, 1.0, 1.4142135623730951, 1.0, 1.4142135623730951, 1, 1, 0, 0, 0, 0, 0, 0, 12, 6, 1, -7]
33 4
[1.0, 1.4142135623730951, 6.0, 4.242640687119285, 1.0, 1.4142135623730951, 1.0, 1.4142135623730951, 1, 1, 0, 0, 0, 0, 0, 0, 12, 6, 1, -7]
32 3
[2.0, 2.8284271247461903, 5.0, 2.8284271247461903, 2.0, 1.4142135623730951, 1.0, 1.4142135623730951, 1, 1, 0, 0, 0, 0, 0, 0, 12, 6, 1, -7]
33 5
[1.0, 1.4142135623730951, 1.0, 5.656854249492381, 1.0, 1.4142135623730951, 1.0, 1.4142135623730951, 1, 1, 1, 0, 0, 0, 0, 0, 12, 6, 1, -66]
32 4
[1.0, 1.4142135623730951, 5.0, 4.242640687119285, 3.0, 1.4142135623730951, 1.0, 1.4142135623730951, 1, 1, 0, 0, 0, 0, 0, 1, 12, 6, 1, -7]
33 6
[5.0, 4.242640687119285, 1.0, 1.4142135623730951, 1.0, 1.4142135623730951, 1.0, 1.4142135623730951, 1, 1, 1, 1, 0, 0, 0, 0, 11, 6, 1, -65]
32 5
[1.0, 1.4142135623730951, 1.0, 5.656854249492381, 4.0, 1.4142135623730951, 1.0, 1.4142135623730951, 1, 1, 1, 0, 0, 0, 0, 1, 11, 6, 1, -65]
33 7
[4.0, 4.242640687119285, 5.0, 1.4142135623730951, 1.0, 1.4142135623730951, 1.0, 1.4142135623730951, 1, 1, 1, 1, 0, 0, 0, 0, 10, 5, 1, -5]
32 6
[5.0, 2.8284271247461903, 1.0, 1.4142135623730951, 1.0, 1.4142135623730951, 1.0, 1.4142135623730951, 1, 1, 1, 1, 1, 0, 0, 0, 10, 5, 1, -64]
33 8
[3.0, 2.8284271247461903, 3.0, 2.8284271247461903, 1.0, 1.4142135623730951, 1.0, 1.4142135623730951, 1, 1, 1, 1, 0, 0, 0, 0, 9, 4, 1, -5]
32 7
[4.0, 2.8284271247461903, 4.0, 1.4142135623730951, 1.0, 1.4142135623730951, 1.0, 1.4142135623730951, 1, 1, 1, 1, 1, 0, 0, 0, 9, 4, 1, -5]
33 9
[2.0, 2.8284271247461903, 3.0, 4.242640687119285, 1.0, 1.4142135623730951, 1.0, 1.4142135623730951, 1, 1, 1, 1, 0, 0, 0, 0, 8, 3, 1, -5]
32 8
[3.0, 2.8284271247461903, 2.0, 2.8284271247461903, 2.0, 1.4142135623730951, 1.0, 1.4142135623730951, 1, 1, 1, 1, 1, 0, 0, 0, 8, 3, 1, -5]
32 7
[1.0, 2.8284271247461903, 4.0, 1.4142135623730951, 1.0, 1.4142135623730951, 1.0, 1.4142135623730951, 0, 1, 1, 1, 1, 0, 0, 0, 7, 2, 1, -5]
32 9
[2.0, 1.4142135623730951, 2.0, 4.242640687119285, 1.0, 1.4142135623730951, 1.0, 1.4142135623730951, 1, 1, 1, 1, 0, 0, 0, 0, 7, 2, 1, -5]
31 8
[2.0, 1.4142135623730951, 1.0, 2.8284271247461903, 2.0, 1.4142135623730951, 1.0, 1.4142135623730951, 1, 1, 1, 1, 1, 0, 0, 0, 7, 2, 1, -5]
31 7
[1.0, 1.4142135623730951, 3.0, 1.4142135623730951, 1.0, 1.4142135623730951, 1.0, 1.4142135623730951, 0, 1, 1, 1, 1, 1, 0, 0, 6, 1, 1, -5]
31 9
[1.0, 1.4142135623730951, 1.0, 1.4142135623730951, 1.0, 1.4142135623730951, 1.0, 1.4142135623730951, 1, 1, 1, 1, 0, 0, 0, 0, 6, 1, 1, -5]
30 8
[1.0, 4.242640687119285, 1.0, 2.8284271247461903, 2.0, 1.4142135623730951, 1.0, 1.4142135623730951, 1, 0, 1, 1, 1, 0, 0, 0, 6, 1, 1, -64]
32 9
[2.0, 1.4142135623730951, 1.0, 1.4142135623730951, 1.0, 1.4142135623730951, 1.0, 1.4142135623730951, 1, 1, 0, 0, 0, 0, 0, 0, 12, 6, 1, -5]
31 10
[1.0, 2.8284271247461903, 1.0, 1.4142135623730951, 1.0, 1.4142135623730951, 1.0, 1.4142135623730951, 1, 1, 1, 1, 0, 0, 0, 1, 12, 6, 1, -64]
30 9
[1.0, 15.556349186104045, 3.0, 1.4142135623730951, 1.0, 1.4142135623730951, 1.0, 1.4142135623730951, 1, 0, 0, 1, 1, 0, 0, 1, 12, 6, 1, -64]
32 8
[1.0, 1.4142135623730951, 1.0, 2.8284271247461903, 2.0, 1.4142135623730951, 1.0, 1.4142135623730951, 0, 0, 0, 1, 1, 0, 0, 0, 12, 6, 1, -46]
33 9
[2.0, 2.8284271247461903, 1.0, 1.4142135623730951, 1.0, 1.4142135623730951, 1.0, 1.4142135623730951, 1, 1, 0, 0, 0, 0, 0, 0, 12, 6, 1, -5]
32 10
[1.0, 1.4142135623730951, 1.0, 1.4142135623730951, 1.0, 1.4142135623730951, 1.0, 1.4142135623730951, 1, 1, 1, 0, 0, 0, 0, 1, 12, 6, 1, -5]
33 10
[1.0, 1.4142135623730951, 1.0, 1.4142135623730951, 2.0, 1.4142135623730951, 1.0, 1.4142135623730951, 1, 1, 0, 0, 0, 0, 0, 0, 12, 6, 1, -5]
32 11
[1.0, 1.4142135623730951, 1.0, 1.4142135623730951, 1.0, 1.4142135623730951, 1.0, 1.4142135623730951, 1, 1, 1, 1, 0, 0, 1, 1, 12, 6, 1, -64]
31 10
[1.0, 2.8284271247461903, 1.0, 1.4142135623730951, 1.0, 1.4142135623730951, 1.0, 1.4142135623730951, 1, 1, 1, 1, 0, 0, 0, 1, 12, 6, 1, -64]
33 9
[1.0, 1.4142135623730951, 1.0, 1.4142135623730951, 1.0, 1.4142135623730951, 1.0, 1.4142135623730951, 0, 0, 0, 0, 0, 0, 0, 0, 12, 6, 1, -5]
33 11
[1.0, 1.4142135623730951, 1.0, 1.4142135623730951, 1.0, 1.4142135623730951, 1.0, 1.4142135623730951, 1, 1, 1, 0, 0, 0, 0, 0, 12, 6, 1, -64]
33 8
[1.0, 1.4142135623730951, 1.0, 2.8284271247461903, 1.0, 1.4142135623730951, 1.0, 1.4142135623730951, 0, 0, 0, 1, 0, 0, 0, 0, 12, 6, 1, -46]
32 9
[1.0, 1.4142135623730951, 1.0, 1.4142135623730951, 1.0, 1.4142135623730951, 1.0, 1.4142135623730951, 0, 1, 0, 0, 0, 0, 0, 0, 12, 6, 1, -46]
33 7
[1.0, 1.4142135623730951, 5.0, 1.4142135623730951, 1.0, 1.4142135623730951, 1.0, 1.4142135623730951, 0, 0, 1, 1, 0, 0, 0, 0, 12, 6, 0, -86]
32 8
[1.0, 1.4142135623730951, 1.0, 2.8284271247461903, 2.0, 1.4142135623730951, 1.0, 1.4142135623730951, 0, 0, 0, 1, 1, 0, 0, 0, 12, 6, 0, -86]
Winner side: Yellow
Details:
  Scores:
    Blue -> 20
    Yellow -> 66
