Loading config from configs\gamecfg233.json
Loading neural network from nn\nn_233.pkl
Starting client
Connecting to host 'localhost' port 8033
Connected successfully
joined the game successfully
Side: Yellow
33 18
[1.0, 2.8284271247461903, 33.0, 9.899494936611665, 18.0, 1.4142135623730951, 1.0, 1.4142135623730951, 0, 0, 0, 0, 0, 0, 0, 0, 12, 6, 4, 1]
32 19
[1.0, 1.4142135623730951, 32.0, 19.79898987322333, 19.0, 1.4142135623730951, 1.0, 1.4142135623730951, 0, 0, 0, 0, 0, 0, 0, 0, 12, 6, 4, 1]
32 18
[1.0, 2.8284271247461903, 32.0, 9.899494936611665, 18.0, 1.4142135623730951, 1.0, 1.4142135623730951, 0, 0, 0, 0, 0, 0, 0, 0, 12, 6, 4, 1]
31 19
[1.0, 1.4142135623730951, 31.0, 5.656854249492381, 19.0, 1.4142135623730951, 1.0, 1.4142135623730951, 0, 0, 0, 0, 0, 0, 0, 0, 12, 6, 4, 1]
32 17
[1.0, 4.242640687119285, 5.0, 8.48528137423857, 17.0, 1.4142135623730951, 1.0, 1.4142135623730951, 0, 0, 0, 0, 0, 0, 0, 0, 12, 6, 4, 1]
33 18
[1.0, 1.4142135623730951, 1.0, 9.899494936611665, 18.0, 1.4142135623730951, 1.0, 1.4142135623730951, 0, 0, 0, 0, 0, 0, 0, 0, 12, 6, 4, 1]
31 18
[2.0, 2.8284271247461903, 31.0, 18.384776310850235, 18.0, 1.4142135623730951, 1.0, 1.4142135623730951, 0, 0, 0, 0, 0, 0, 0, 0, 12, 6, 4, 1]
31 17
[1.0, 4.242640687119285, 4.0, 8.48528137423857, 17.0, 1.4142135623730951, 1.0, 1.4142135623730951, 0, 0, 0, 0, 0, 0, 0, 0, 12, 6, 4, 1]
31 19
[1.0, 1.4142135623730951, 31.0, 5.656854249492381, 1.0, 1.4142135623730951, 1.0, 1.4142135623730951, 0, 0, 0, 0, 0, 0, 0, 0, 12, 6, 4, 1]
30 18
[2.0, 2.8284271247461903, 30.0, 4.242640687119285, 18.0, 1.4142135623730951, 1.0, 1.4142135623730951, 0, 0, 0, 0, 0, 0, 0, 0, 12, 6, 4, 1]
32 19
[1.0, 1.4142135623730951, 1.0, 1.4142135623730951, 1.0, 1.4142135623730951, 1.0, 1.4142135623730951, 0, 0, 0, 0, 0, 0, 0, 0, 12, 6, 3, 0]
30 19
[1.0, 1.4142135623730951, 30.0, 4.242640687119285, 19.0, 1.4142135623730951, 1.0, 1.4142135623730951, 0, 0, 0, 0, 0, 0, 0, 0, 12, 6, 4, 1]
30 18
[1.0, 2.8284271247461903, 30.0, 4.242640687119285, 18.0, 1.4142135623730951, 1.0, 1.4142135623730951, 0, 0, 0, 0, 0, 0, 0, 0, 12, 6, 4, 1]
29 19
[1.0, 1.4142135623730951, 29.0, 2.8284271247461903, 19.0, 1.4142135623730951, 1.0, 1.4142135623730951, 0, 0, 0, 0, 0, 0, 0, 0, 12, 6, 4, 1]
30 17
[1.0, 4.242640687119285, 3.0, 16.97056274847714, 17.0, 1.4142135623730951, 1.0, 1.4142135623730951, 0, 0, 0, 0, 0, 0, 0, 0, 12, 6, 4, 1]
31 18
[1.0, 1.4142135623730951, 1.0, 18.384776310850235, 18.0, 1.4142135623730951, 1.0, 1.4142135623730951, 0, 0, 0, 0, 0, 0, 0, 0, 12, 6, 3, 0]
29 18
[2.0, 2.8284271247461903, 29.0, 2.8284271247461903, 18.0, 1.4142135623730951, 1.0, 1.4142135623730951, 0, 0, 0, 0, 0, 0, 0, 0, 12, 6, 4, 1]
31 17
[1.0, 1.4142135623730951, 4.0, 8.48528137423857, 17.0, 1.4142135623730951, 1.0, 1.4142135623730951, 0, 0, 0, 0, 0, 0, 0, 0, 11, 6, 4, 0]
32 18
[1.0, 1.4142135623730951, 1.0, 9.899494936611665, 18.0, 1.4142135623730951, 1.0, 1.4142135623730951, 0, 0, 0, 0, 0, 0, 0, 0, 11, 6, 3, -1]
31 19
[1.0, 1.4142135623730951, 1.0, 1.4142135623730951, 1.0, 1.4142135623730951, 1.0, 1.4142135623730951, 0, 0, 0, 0, 0, 0, 0, 0, 11, 6, 3, -1]
31 16
[1.0, 5.656854249492381, 4.0, 7.0710678118654755, 16.0, 1.4142135623730951, 1.0, 1.4142135623730951, 0, 0, 0, 0, 0, 0, 0, 0, 10, 5, 4, 0]
32 17
[1.0, 1.4142135623730951, 1.0, 8.48528137423857, 17.0, 1.4142135623730951, 1.0, 1.4142135623730951, 0, 0, 0, 0, 0, 0, 0, 0, 10, 5, 4, 0]
30 17
[1.0, 4.242640687119285, 3.0, 16.97056274847714, 17.0, 1.4142135623730951, 1.0, 1.4142135623730951, 0, 0, 0, 0, 0, 0, 0, 0, 10, 5, 4, 0]
30 16
[1.0, 5.656854249492381, 3.0, 7.0710678118654755, 16.0, 1.4142135623730951, 1.0, 1.4142135623730951, 0, 0, 0, 0, 0, 0, 0, 0, 9, 4, 4, 0]
30 18
[1.0, 2.8284271247461903, 30.0, 4.242640687119285, 1.0, 1.4142135623730951, 1.0, 1.4142135623730951, 0, 0, 0, 0, 0, 0, 0, 0, 9, 4, 3, -1]
29 17
[3.0, 4.242640687119285, 2.0, 2.8284271247461903, 17.0, 1.4142135623730951, 1.0, 1.4142135623730951, 0, 0, 0, 0, 0, 0, 0, 0, 9, 4, 4, 0]
31 18
[1.0, 1.4142135623730951, 1.0, 1.4142135623730951, 1.0, 1.4142135623730951, 1.0, 1.4142135623730951, 0, 0, 0, 0, 0, 0, 0, 0, 8, 3, 3, -2]
30 19
[1.0, 1.4142135623730951, 30.0, 4.242640687119285, 1.0, 1.4142135623730951, 1.0, 1.4142135623730951, 0, 0, 0, 0, 0, 0, 0, 0, 8, 3, 3, -2]
29 18
[2.0, 2.8284271247461903, 29.0, 2.8284271247461903, 18.0, 1.4142135623730951, 1.0, 1.4142135623730951, 0, 0, 0, 0, 0, 0, 0, 0, 8, 3, 4, -1]
31 19
[1.0, 1.4142135623730951, 1.0, 1.4142135623730951, 1.0, 1.4142135623730951, 1.0, 1.4142135623730951, 0, 0, 0, 0, 0, 0, 0, 0, 7, 2, 3, -3]
29 19
[1.0, 1.4142135623730951, 29.0, 2.8284271247461903, 19.0, 1.4142135623730951, 1.0, 1.4142135623730951, 0, 0, 0, 0, 0, 0, 0, 0, 7, 2, 4, -2]
29 18
[1.0, 2.8284271247461903, 29.0, 2.8284271247461903, 18.0, 1.4142135623730951, 1.0, 1.4142135623730951, 0, 0, 0, 0, 0, 0, 0, 0, 6, 1, 4, -2]
28 19
[1.0, 1.4142135623730951, 28.0, 2.8284271247461903, 19.0, 1.4142135623730951, 1.0, 1.4142135623730951, 0, 0, 0, 0, 0, 0, 0, 0, 6, 1, 4, -2]
29 17
[1.0, 4.242640687119285, 2.0, 2.8284271247461903, 17.0, 1.4142135623730951, 1.0, 1.4142135623730951, 0, 0, 0, 0, 0, 0, 0, 0, 12, 6, 4, -2]
30 18
[1.0, 1.4142135623730951, 1.0, 4.242640687119285, 1.0, 1.4142135623730951, 1.0, 1.4142135623730951, 0, 0, 0, 0, 0, 0, 0, 0, 12, 6, 3, -3]
28 18
[2.0, 2.8284271247461903, 28.0, 1.4142135623730951, 18.0, 1.4142135623730951, 1.0, 1.4142135623730951, 0, 0, 0, 0, 0, 0, 0, 0, 12, 6, 4, -2]
28 17
[1.0, 4.242640687119285, 1.0, 1.4142135623730951, 17.0, 1.4142135623730951, 1.0, 1.4142135623730951, 0, 0, 0, 0, 0, 0, 0, 0, 12, 6, 4, -2]
28 19
[1.0, 1.4142135623730951, 28.0, 2.8284271247461903, 1.0, 1.4142135623730951, 1.0, 1.4142135623730951, 0, 0, 0, 0, 0, 0, 0, 0, 12, 6, 4, -2]
27 18
[2.0, 2.8284271247461903, 27.0, 1.4142135623730951, 1.0, 1.4142135623730951, 1.0, 1.4142135623730951, 0, 0, 0, 0, 0, 0, 0, 0, 12, 6, 4, -2]
29 19
[1.0, 1.4142135623730951, 1.0, 1.4142135623730951, 1.0, 1.4142135623730951, 1.0, 1.4142135623730951, 0, 0, 0, 0, 0, 0, 0, 0, 12, 6, 3, -3]
27 19
[1.0, 1.4142135623730951, 27.0, 2.8284271247461903, 2.0, 1.4142135623730951, 1.0, 1.4142135623730951, 0, 0, 0, 0, 0, 0, 0, 0, 12, 6, 4, -2]
27 18
[1.0, 2.8284271247461903, 27.0, 1.4142135623730951, 1.0, 1.4142135623730951, 1.0, 1.4142135623730951, 0, 0, 0, 0, 0, 0, 0, 0, 12, 6, 4, -2]
26 19
[1.0, 1.4142135623730951, 26.0, 11.313708498984761, 2.0, 1.4142135623730951, 1.0, 1.4142135623730951, 0, 0, 0, 0, 0, 0, 0, 0, 12, 6, 4, -2]
26 18
[1.0, 2.8284271247461903, 26.0, 1.4142135623730951, 1.0, 1.4142135623730951, 1.0, 1.4142135623730951, 0, 0, 0, 0, 0, 0, 0, 0, 12, 6, 4, -2]
25 19
[1.0, 1.4142135623730951, 25.0, 11.313708498984761, 2.0, 1.4142135623730951, 1.0, 1.4142135623730951, 0, 0, 0, 0, 0, 0, 0, 0, 12, 6, 4, -2]
25 18
[1.0, 2.8284271247461903, 25.0, 9.899494936611665, 1.0, 1.4142135623730951, 1.0, 1.4142135623730951, 0, 0, 0, 0, 0, 0, 0, 0, 12, 6, 4, -2]
24 19
[1.0, 1.4142135623730951, 24.0, 11.313708498984761, 19.0, 1.4142135623730951, 1.0, 1.4142135623730951, 0, 0, 0, 0, 0, 0, 0, 0, 12, 6, 4, -2]
24 18
[1.0, 2.8284271247461903, 24.0, 9.899494936611665, 18.0, 1.4142135623730951, 1.0, 1.4142135623730951, 0, 0, 0, 0, 0, 0, 0, 0, 12, 6, 4, -2]
23 19
[1.0, 1.4142135623730951, 23.0, 15.556349186104045, 19.0, 1.4142135623730951, 1.0, 1.4142135623730951, 0, 0, 0, 1, 0, 0, 0, 0, 12, 6, 4, -2]
23 18
[1.0, 2.8284271247461903, 23.0, 9.899494936611665, 18.0, 1.4142135623730951, 1.0, 1.4142135623730951, 0, 0, 0, 0, 0, 0, 0, 0, 12, 6, 4, -2]
22 19
[1.0, 1.4142135623730951, 22.0, 5.656854249492381, 19.0, 1.4142135623730951, 1.0, 1.4142135623730951, 0, 0, 0, 0, 0, 0, 0, 0, 12, 6, 4, -2]
23 17
[1.0, 4.242640687119285, 5.0, 8.48528137423857, 17.0, 1.4142135623730951, 1.0, 1.4142135623730951, 0, 0, 0, 0, 0, 0, 0, 0, 12, 6, 4, -2]
24 18
[1.0, 1.4142135623730951, 1.0, 9.899494936611665, 18.0, 1.4142135623730951, 1.0, 1.4142135623730951, 0, 0, 0, 0, 0, 0, 0, 0, 12, 6, 4, -2]
22 18
[2.0, 2.8284271247461903, 22.0, 12.727922061357855, 18.0, 1.4142135623730951, 1.0, 1.4142135623730951, 0, 0, 0, 1, 0, 0, 0, 0, 12, 6, 4, -2]
22 17
[1.0, 4.242640687119285, 4.0, 8.48528137423857, 17.0, 1.4142135623730951, 1.0, 1.4142135623730951, 0, 0, 0, 0, 0, 0, 0, 0, 12, 6, 4, -2]
22 19
[1.0, 1.4142135623730951, 22.0, 5.656854249492381, 1.0, 1.4142135623730951, 1.0, 1.4142135623730951, 0, 0, 0, 0, 0, 0, 0, 0, 12, 6, 4, -2]
21 18
[2.0, 2.8284271247461903, 21.0, 4.242640687119285, 18.0, 1.4142135623730951, 1.0, 1.4142135623730951, 0, 0, 0, 0, 0, 0, 0, 0, 12, 6, 4, -2]
23 19
[1.0, 1.4142135623730951, 1.0, 1.4142135623730951, 1.0, 1.4142135623730951, 1.0, 1.4142135623730951, 0, 0, 0, 0, 0, 0, 0, 0, 12, 6, 3, -3]
21 19
[1.0, 1.4142135623730951, 21.0, 4.242640687119285, 19.0, 1.4142135623730951, 1.0, 1.4142135623730951, 0, 0, 0, 0, 0, 0, 0, 0, 12, 6, 4, -2]
21 18
[1.0, 2.8284271247461903, 21.0, 4.242640687119285, 18.0, 1.4142135623730951, 1.0, 1.4142135623730951, 0, 0, 0, 0, 0, 0, 0, 0, 12, 6, 4, -2]
20 19
[1.0, 1.4142135623730951, 20.0, 2.8284271247461903, 19.0, 1.4142135623730951, 1.0, 1.4142135623730951, 0, 0, 0, 0, 0, 0, 0, 0, 12, 6, 4, -2]
21 17
[1.0, 4.242640687119285, 3.0, 9.899494936611665, 17.0, 1.4142135623730951, 1.0, 1.4142135623730951, 0, 0, 0, 1, 0, 0, 0, 0, 12, 6, 4, -2]
22 18
[1.0, 1.4142135623730951, 1.0, 11.313708498984761, 18.0, 1.4142135623730951, 1.0, 1.4142135623730951, 0, 0, 0, 1, 0, 0, 0, 0, 12, 6, 3, -3]
20 18
[2.0, 2.8284271247461903, 20.0, 2.8284271247461903, 18.0, 1.4142135623730951, 1.0, 1.4142135623730951, 0, 0, 0, 0, 0, 0, 0, 0, 12, 6, 4, -2]
20 17
[1.0, 4.242640687119285, 2.0, 2.8284271247461903, 17.0, 1.4142135623730951, 1.0, 1.4142135623730951, 0, 0, 0, 0, 0, 0, 0, 0, 12, 6, 4, -2]
20 19
[1.0, 1.4142135623730951, 20.0, 2.8284271247461903, 1.0, 1.4142135623730951, 1.0, 1.4142135623730951, 0, 0, 0, 0, 0, 0, 0, 0, 12, 6, 4, -2]
19 18
[2.0, 2.8284271247461903, 19.0, 1.4142135623730951, 18.0, 2.8284271247461903, 1.0, 2.8284271247461903, 0, 0, 0, 0, 0, 0, 0, 0, 12, 6, 4, -2]
21 19
[1.0, 1.4142135623730951, 1.0, 1.4142135623730951, 1.0, 1.4142135623730951, 1.0, 1.4142135623730951, 0, 0, 0, 0, 0, 0, 0, 0, 12, 6, 3, -3]
19 19
[1.0, 1.4142135623730951, 19.0, 2.8284271247461903, 19.0, 1.4142135623730951, 1.0, 1.4142135623730951, 0, 0, 0, 0, 0, 0, 0, 0, 12, 6, 4, -2]
19 18
[1.0, 2.8284271247461903, 19.0, 1.4142135623730951, 18.0, 2.8284271247461903, 1.0, 1.4142135623730951, 0, 0, 0, 0, 0, 0, 0, 0, 12, 6, 4, -2]
18 19
[1.0, 1.4142135623730951, 18.0, 2.8284271247461903, 2.0, 4.242640687119285, 1.0, 1.4142135623730951, 0, 0, 0, 0, 0, 0, 0, 0, 12, 6, 4, -2]
18 18
[1.0, 2.8284271247461903, 18.0, 1.4142135623730951, 1.0, 4.242640687119285, 2.0, 1.4142135623730951, 0, 0, 0, 0, 0, 0, 0, 0, 12, 6, 4, -2]
17 19
[1.0, 1.4142135623730951, 17.0, 9.899494936611665, 2.0, 5.656854249492381, 1.0, 1.4142135623730951, 0, 0, 0, 1, 0, 0, 0, 0, 12, 6, 4, -2]
17 18
[1.0, 2.8284271247461903, 17.0, 1.4142135623730951, 1.0, 1.4142135623730951, 3.0, 1.4142135623730951, 0, 0, 0, 0, 0, 0, 0, 0, 12, 6, 4, -2]
16 19
[1.0, 1.4142135623730951, 16.0, 8.48528137423857, 2.0, 2.8284271247461903, 1.0, 1.4142135623730951, 0, 0, 0, 1, 0, 0, 0, 0, 12, 6, 4, -2]
16 18
[1.0, 2.8284271247461903, 16.0, 7.0710678118654755, 1.0, 1.4142135623730951, 4.0, 1.4142135623730951, 0, 0, 0, 1, 0, 0, 0, 0, 12, 6, 4, -2]
15 19
[1.0, 1.4142135623730951, 15.0, 11.313708498984761, 19.0, 2.8284271247461903, 1.0, 1.4142135623730951, 0, 0, 0, 0, 0, 0, 0, 0, 12, 6, 4, -2]
15 18
[1.0, 2.8284271247461903, 15.0, 5.656854249492381, 18.0, 1.4142135623730951, 5.0, 1.4142135623730951, 0, 0, 0, 1, 0, 0, 0, 0, 12, 6, 4, -2]
14 19
[1.0, 1.4142135623730951, 14.0, 19.79898987322333, 8.0, 2.8284271247461903, 1.0, 1.4142135623730951, 0, 0, 0, 0, 1, 0, 0, 0, 12, 6, 4, -2]
14 18
[1.0, 2.8284271247461903, 14.0, 9.899494936611665, 7.0, 2.8284271247461903, 6.0, 1.4142135623730951, 0, 0, 0, 0, 1, 0, 0, 0, 12, 6, 4, -2]
13 19
[1.0, 1.4142135623730951, 13.0, 5.656854249492381, 8.0, 4.242640687119285, 1.0, 1.4142135623730951, 0, 0, 0, 0, 1, 0, 0, 0, 12, 6, 4, -2]
14 17
[1.0, 4.242640687119285, 5.0, 4.242640687119285, 6.0, 2.8284271247461903, 2.0, 2.8284271247461903, 0, 0, 0, 1, 1, 0, 0, 0, 12, 6, 4, -2]
15 18
[1.0, 1.4142135623730951, 1.0, 5.656854249492381, 18.0, 1.4142135623730951, 5.0, 1.4142135623730951, 0, 0, 0, 1, 0, 0, 0, 0, 12, 6, 4, -2]
13 18
[2.0, 2.8284271247461903, 13.0, 18.384776310850235, 4.0, 4.242640687119285, 1.0, 1.4142135623730951, 0, 0, 0, 0, 1, 0, 0, 0, 12, 6, 4, -2]
13 17
[1.0, 4.242640687119285, 4.0, 8.48528137423857, 2.0, 11.313708498984761, 3.0, 1.4142135623730951, 0, 0, 0, 0, 1, 0, 0, 0, 12, 6, 4, -2]
13 19
[1.0, 1.4142135623730951, 13.0, 5.656854249492381, 1.0, 1.4142135623730951, 1.0, 1.4142135623730951, 0, 0, 0, 0, 0, 0, 0, 0, 12, 6, 4, -2]
12 18
[2.0, 2.8284271247461903, 12.0, 4.242640687119285, 4.0, 12.727922061357855, 1.0, 2.8284271247461903, 0, 0, 0, 0, 1, 0, 0, 0, 12, 6, 4, -2]
13 16
[1.0, 5.656854249492381, 4.0, 2.8284271247461903, 1.0, 7.0710678118654755, 3.0, 4.242640687119285, 0, 0, 0, 1, 1, 0, 0, 0, 12, 6, 3, -1]
14 17
[1.0, 1.4142135623730951, 1.0, 1.4142135623730951, 6.0, 2.8284271247461903, 2.0, 2.8284271247461903, 0, 0, 0, 1, 1, 0, 0, 0, 12, 6, 4, -2]
12 17
[3.0, 4.242640687119285, 3.0, 16.97056274847714, 3.0, 1.4142135623730951, 1.0, 1.4142135623730951, 0, 0, 0, 0, 1, 1, 0, 0, 12, 6, 4, -2]
12 16
[1.0, 5.656854249492381, 3.0, 7.0710678118654755, 2.0, 1.4142135623730951, 1.0, 1.4142135623730951, 0, 0, 0, 0, 1, 1, 1, 0, 12, 6, 4, -2]
12 18
[2.0, 2.8284271247461903, 12.0, 4.242640687119285, 1.0, 1.4142135623730951, 1.0, 2.8284271247461903, 0, 0, 0, 0, 0, 0, 0, 0, 12, 6, 4, -2]
11 17
[3.0, 4.242640687119285, 2.0, 2.8284271247461903, 3.0, 2.8284271247461903, 1.0, 4.242640687119285, 0, 0, 0, 0, 1, 1, 0, 0, 12, 6, 4, -2]
13 18
[2.0, 2.8284271247461903, 1.0, 1.4142135623730951, 1.0, 4.242640687119285, 1.0, 1.4142135623730951, 0, 0, 0, 0, 0, 0, 0, 0, 12, 6, 3, -3]
12 19
[1.0, 1.4142135623730951, 12.0, 4.242640687119285, 1.0, 1.4142135623730951, 2.0, 1.4142135623730951, 0, 0, 0, 0, 0, 0, 0, 0, 12, 6, 4, -2]
11 18
[2.0, 2.8284271247461903, 11.0, 2.8284271247461903, 4.0, 1.4142135623730951, 1.0, 2.8284271247461903, 0, 0, 0, 0, 1, 0, 0, 0, 12, 6, 4, -2]
13 19
[1.0, 1.4142135623730951, 1.0, 1.4142135623730951, 1.0, 1.4142135623730951, 1.0, 1.4142135623730951, 0, 0, 0, 0, 0, 0, 0, 0, 12, 6, 4, -2]
11 19
[1.0, 1.4142135623730951, 11.0, 2.8284271247461903, 5.0, 1.4142135623730951, 1.0, 1.4142135623730951, 0, 0, 0, 0, 1, 0, 0, 0, 12, 6, 4, -2]
11 18
[1.0, 2.8284271247461903, 11.0, 2.8284271247461903, 4.0, 1.4142135623730951, 1.0, 1.4142135623730951, 0, 0, 0, 0, 1, 0, 0, 0, 12, 6, 4, -2]
10 19
[1.0, 1.4142135623730951, 10.0, 2.8284271247461903, 6.0, 2.8284271247461903, 1.0, 1.4142135623730951, 0, 0, 0, 0, 1, 0, 0, 0, 12, 6, 4, -2]
10 18
[1.0, 2.8284271247461903, 10.0, 1.4142135623730951, 5.0, 4.242640687119285, 2.0, 1.4142135623730951, 0, 0, 0, 0, 1, 1, 0, 0, 12, 6, 4, -1]
9 19
[1.0, 1.4142135623730951, 9.0, 2.8284271247461903, 2.0, 5.656854249492381, 1.0, 1.4142135623730951, 0, 0, 0, 0, 0, 1, 0, 0, 12, 6, 4, -1]
9 18
[1.0, 2.8284271247461903, 9.0, 1.4142135623730951, 1.0, 5.656854249492381, 3.0, 1.4142135623730951, 0, 0, 0, 0, 0, 1, 0, 0, 12, 6, 4, 0]
8 19
[1.0, 1.4142135623730951, 8.0, 11.313708498984761, 2.0, 7.0710678118654755, 1.0, 1.4142135623730951, 0, 0, 0, 0, 0, 1, 0, 0, 12, 6, 4, 0]
8 18
[1.0, 2.8284271247461903, 8.0, 1.4142135623730951, 1.0, 1.4142135623730951, 4.0, 1.4142135623730951, 0, 0, 0, 0, 0, 0, 0, 0, 12, 6, 4, 0]
7 19
[1.0, 1.4142135623730951, 7.0, 9.899494936611665, 2.0, 2.8284271247461903, 1.0, 1.4142135623730951, 0, 0, 0, 0, 0, 0, 0, 0, 12, 6, 4, 0]
7 18
[1.0, 2.8284271247461903, 7.0, 9.899494936611665, 1.0, 1.4142135623730951, 5.0, 1.4142135623730951, 0, 0, 0, 0, 0, 0, 0, 0, 12, 6, 4, 0]
6 19
[1.0, 1.4142135623730951, 6.0, 8.48528137423857, 13.0, 2.8284271247461903, 1.0, 1.4142135623730951, 0, 0, 0, 0, 1, 0, 0, 0, 12, 6, 4, 0]
8 18
[1.0, 1.4142135623730951, 1.0, 1.4142135623730951, 1.0, 1.4142135623730951, 4.0, 1.4142135623730951, 0, 0, 0, 0, 0, 0, 0, 0, 12, 6, 4, 0]
6 18
