Loading config from configs\gamecfg354.json
Loading neural network from nn\nn_354.pkl
Starting client
Connecting to host 'localhost' port 8154
Connected successfully
joined the game successfully
Side: Yellow
33 18
[1.0, 2.8284271247461903, 33.0, 9.899494936611665, 18.0, 1.4142135623730951, 1.0, 1.4142135623730951, 0, 0, 0, 0, 0, 0, 0, 0, 12, 6, 4, 1]
32 19
[1.0, 1.4142135623730951, 32.0, 19.79898987322333, 19.0, 1.4142135623730951, 1.0, 1.4142135623730951, 0, 0, 0, 0, 0, 0, 0, 0, 12, 6, 4, 1]
33 17
[1.0, 4.242640687119285, 6.0, 8.48528137423857, 17.0, 1.4142135623730951, 1.0, 1.4142135623730951, 0, 0, 0, 0, 0, 0, 0, 0, 12, 6, 4, 1]
32 18
[2.0, 2.8284271247461903, 32.0, 9.899494936611665, 18.0, 1.4142135623730951, 1.0, 1.4142135623730951, 0, 0, 0, 0, 0, 0, 0, 0, 12, 6, 4, 1]
33 16
[1.0, 5.656854249492381, 6.0, 8.48528137423857, 16.0, 1.4142135623730951, 1.0, 1.4142135623730951, 0, 0, 0, 0, 0, 0, 0, 0, 12, 6, 4, 1]
32 17
[3.0, 4.242640687119285, 5.0, 8.48528137423857, 17.0, 1.4142135623730951, 1.0, 1.4142135623730951, 0, 0, 0, 0, 0, 0, 0, 0, 12, 6, 4, 1]
33 15
[1.0, 7.0710678118654755, 6.0, 8.48528137423857, 15.0, 1.4142135623730951, 1.0, 1.4142135623730951, 0, 0, 0, 0, 0, 0, 0, 0, 12, 6, 4, 1]
32 16
[4.0, 5.656854249492381, 5.0, 7.0710678118654755, 16.0, 1.4142135623730951, 1.0, 1.4142135623730951, 0, 0, 0, 0, 0, 0, 0, 0, 12, 6, 4, 1]
33 14
[1.0, 8.48528137423857, 33.0, 19.79898987322333, 14.0, 1.4142135623730951, 1.0, 1.4142135623730951, 0, 0, 0, 0, 0, 0, 0, 0, 12, 6, 4, 1]
32 15
[5.0, 7.0710678118654755, 5.0, 7.0710678118654755, 15.0, 1.4142135623730951, 1.0, 1.4142135623730951, 0, 0, 0, 0, 0, 0, 0, 0, 12, 6, 4, 1]
32 14
[1.0, 8.48528137423857, 32.0, 7.0710678118654755, 14.0, 1.4142135623730951, 1.0, 1.4142135623730951, 0, 0, 0, 0, 0, 0, 0, 0, 12, 6, 4, 1]
32 16
[4.0, 5.656854249492381, 5.0, 7.0710678118654755, 1.0, 1.4142135623730951, 1.0, 1.4142135623730951, 0, 0, 0, 0, 0, 0, 0, 0, 12, 6, 4, 1]
31 15
[5.0, 7.0710678118654755, 4.0, 5.656854249492381, 15.0, 1.4142135623730951, 1.0, 1.4142135623730951, 0, 0, 0, 0, 0, 0, 0, 0, 12, 6, 4, 1]
31 14
[1.0, 8.48528137423857, 31.0, 5.656854249492381, 14.0, 1.4142135623730951, 1.0, 1.4142135623730951, 0, 0, 0, 0, 0, 0, 0, 0, 12, 6, 4, 1]
31 16
[4.0, 5.656854249492381, 4.0, 7.0710678118654755, 1.0, 1.4142135623730951, 1.0, 1.4142135623730951, 0, 0, 0, 0, 0, 0, 0, 0, 12, 6, 4, 1]
30 15
[5.0, 7.0710678118654755, 3.0, 5.656854249492381, 15.0, 1.4142135623730951, 1.0, 1.4142135623730951, 0, 0, 0, 0, 0, 0, 0, 0, 12, 6, 4, 1]
30 14
[1.0, 4.242640687119285, 30.0, 4.242640687119285, 14.0, 1.4142135623730951, 1.0, 1.4142135623730951, 0, 0, 0, 0, 0, 0, 0, 0, 12, 6, 4, 1]
30 16
[4.0, 5.656854249492381, 3.0, 7.0710678118654755, 1.0, 1.4142135623730951, 1.0, 1.4142135623730951, 0, 0, 0, 0, 0, 0, 0, 0, 12, 6, 4, 1]
29 15
[5.0, 2.8284271247461903, 2.0, 5.656854249492381, 15.0, 1.4142135623730951, 1.0, 1.4142135623730951, 0, 0, 0, 0, 0, 0, 0, 0, 12, 6, 4, 1]
29 14
[1.0, 2.8284271247461903, 29.0, 4.242640687119285, 14.0, 1.4142135623730951, 1.0, 1.4142135623730951, 0, 0, 0, 0, 0, 0, 0, 0, 12, 6, 4, 1]
29 16
[4.0, 5.656854249492381, 2.0, 15.556349186104045, 1.0, 1.4142135623730951, 1.0, 1.4142135623730951, 0, 0, 0, 0, 0, 0, 0, 0, 12, 6, 4, 1]
28 15
[5.0, 1.4142135623730951, 1.0, 14.142135623730951, 15.0, 1.4142135623730951, 1.0, 1.4142135623730951, 0, 0, 0, 0, 0, 0, 0, 0, 12, 6, 4, 1]
28 14
[1.0, 1.4142135623730951, 28.0, 4.242640687119285, 14.0, 1.4142135623730951, 1.0, 1.4142135623730951, 0, 0, 0, 0, 0, 0, 0, 0, 12, 6, 4, 1]
28 16
[4.0, 1.4142135623730951, 1.0, 1.4142135623730951, 1.0, 1.4142135623730951, 1.0, 1.4142135623730951, 0, 0, 0, 0, 0, 0, 0, 0, 12, 6, 4, 1]
29 16
[4.0, 5.656854249492381, 1.0, 1.4142135623730951, 1.0, 1.4142135623730951, 1.0, 1.4142135623730951, 0, 0, 0, 0, 0, 0, 0, 0, 12, 6, 4, 1]
28 17
[3.0, 4.242640687119285, 1.0, 1.4142135623730951, 1.0, 1.4142135623730951, 1.0, 1.4142135623730951, 0, 0, 0, 0, 0, 0, 0, 0, 12, 6, 4, 1]
29 17
[3.0, 4.242640687119285, 1.0, 1.4142135623730951, 2.0, 1.4142135623730951, 1.0, 1.4142135623730951, 0, 0, 0, 0, 0, 0, 0, 0, 12, 6, 4, 1]
28 18
[2.0, 2.8284271247461903, 28.0, 1.4142135623730951, 1.0, 1.4142135623730951, 1.0, 1.4142135623730951, 0, 0, 0, 0, 0, 0, 0, 0, 12, 6, 4, 1]
29 16
[1.0, 1.4142135623730951, 1.0, 1.4142135623730951, 1.0, 1.4142135623730951, 1.0, 1.4142135623730951, 0, 0, 0, 0, 0, 0, 0, 0, 12, 6, 4, 1]
30 17
[3.0, 4.242640687119285, 1.0, 2.8284271247461903, 2.0, 1.4142135623730951, 1.0, 1.4142135623730951, 0, 0, 0, 0, 0, 0, 0, 0, 12, 6, 4, 1]
29 18
[2.0, 2.8284271247461903, 29.0, 1.4142135623730951, 1.0, 1.4142135623730951, 1.0, 1.4142135623730951, 0, 0, 0, 0, 0, 0, 0, 0, 12, 6, 4, 1]
29 15
[1.0, 1.4142135623730951, 1.0, 5.656854249492381, 15.0, 1.4142135623730951, 1.0, 1.4142135623730951, 0, 0, 0, 0, 0, 0, 0, 0, 12, 6, 3, 0]
30 16
[4.0, 1.4142135623730951, 1.0, 1.4142135623730951, 1.0, 1.4142135623730951, 1.0, 1.4142135623730951, 0, 0, 0, 0, 0, 0, 0, 0, 12, 6, 4, 1]
28 16
[1.0, 1.4142135623730951, 1.0, 1.4142135623730951, 1.0, 1.4142135623730951, 1.0, 1.4142135623730951, 0, 0, 0, 0, 0, 0, 0, 0, 12, 6, 3, 0]
29 14
[1.0, 1.4142135623730951, 29.0, 4.242640687119285, 14.0, 1.4142135623730951, 1.0, 1.4142135623730951, 0, 0, 0, 0, 0, 0, 0, 0, 11, 6, 4, 0]
30 15
[5.0, 1.4142135623730951, 1.0, 5.656854249492381, 15.0, 1.4142135623730951, 1.0, 1.4142135623730951, 0, 0, 0, 0, 0, 0, 0, 0, 11, 6, 3, -1]
28 15
[1.0, 1.4142135623730951, 1.0, 14.142135623730951, 15.0, 1.4142135623730951, 1.0, 1.4142135623730951, 0, 0, 0, 0, 0, 0, 0, 0, 11, 6, 3, -1]
30 14
[1.0, 1.4142135623730951, 30.0, 4.242640687119285, 14.0, 1.4142135623730951, 1.0, 1.4142135623730951, 0, 0, 0, 0, 0, 0, 0, 0, 10, 5, 4, -1]
31 15
[5.0, 2.8284271247461903, 1.0, 5.656854249492381, 15.0, 1.4142135623730951, 1.0, 1.4142135623730951, 0, 0, 0, 0, 0, 0, 0, 0, 10, 5, 3, -2]
30 16
[4.0, 1.4142135623730951, 1.0, 1.4142135623730951, 1.0, 1.4142135623730951, 1.0, 1.4142135623730951, 0, 0, 0, 0, 0, 0, 0, 0, 10, 5, 4, -1]
31 14
[1.0, 1.4142135623730951, 31.0, 5.656854249492381, 14.0, 1.4142135623730951, 1.0, 1.4142135623730951, 0, 0, 0, 0, 0, 0, 0, 0, 9, 4, 4, -2]
32 15
[5.0, 7.0710678118654755, 1.0, 7.0710678118654755, 15.0, 1.4142135623730951, 1.0, 1.4142135623730951, 0, 0, 0, 0, 0, 0, 0, 0, 9, 4, 3, -3]
31 16
[4.0, 5.656854249492381, 2.0, 1.4142135623730951, 1.0, 1.4142135623730951, 1.0, 1.4142135623730951, 0, 0, 0, 0, 0, 0, 0, 0, 9, 4, 4, -2]
32 14
[1.0, 1.4142135623730951, 32.0, 7.0710678118654755, 14.0, 1.4142135623730951, 1.0, 1.4142135623730951, 0, 0, 0, 0, 0, 0, 0, 0, 8, 3, 4, -3]
33 15
[1.0, 7.0710678118654755, 1.0, 8.48528137423857, 15.0, 1.4142135623730951, 1.0, 1.4142135623730951, 0, 0, 0, 0, 0, 0, 0, 0, 8, 3, 3, -4]
32 16
[4.0, 5.656854249492381, 3.0, 1.4142135623730951, 1.0, 1.4142135623730951, 1.0, 1.4142135623730951, 0, 0, 0, 0, 0, 0, 0, 0, 8, 3, 4, -3]
33 14
[1.0, 1.4142135623730951, 33.0, 19.79898987322333, 14.0, 1.4142135623730951, 1.0, 1.4142135623730951, 0, 0, 0, 0, 0, 0, 0, 0, 7, 2, 4, -4]
33 16
[1.0, 5.656854249492381, 4.0, 1.4142135623730951, 1.0, 1.4142135623730951, 1.0, 1.4142135623730951, 0, 0, 0, 0, 0, 0, 0, 0, 7, 2, 3, -5]
33 17
[1.0, 4.242640687119285, 4.0, 2.8284271247461903, 1.0, 1.4142135623730951, 1.0, 1.4142135623730951, 0, 0, 0, 0, 0, 0, 0, 0, 6, 1, 3, -6]
32 16
[4.0, 5.656854249492381, 3.0, 1.4142135623730951, 1.0, 1.4142135623730951, 1.0, 1.4142135623730951, 0, 0, 0, 0, 0, 0, 0, 0, 6, 1, 4, -5]
33 18
[1.0, 2.8284271247461903, 33.0, 4.242640687119285, 1.0, 1.4142135623730951, 1.0, 1.4142135623730951, 0, 0, 0, 0, 0, 0, 0, 0, 12, 6, 2, -7]
32 17
[3.0, 4.242640687119285, 3.0, 2.8284271247461903, 2.0, 1.4142135623730951, 1.0, 1.4142135623730951, 0, 0, 0, 0, 0, 0, 0, 0, 12, 6, 3, -6]
32 16
[1.0, 5.656854249492381, 3.0, 1.4142135623730951, 1.0, 1.4142135623730951, 1.0, 1.4142135623730951, 0, 0, 0, 0, 0, 0, 0, 0, 12, 6, 3, -6]
32 18
[2.0, 2.8284271247461903, 32.0, 4.242640687119285, 1.0, 1.4142135623730951, 1.0, 1.4142135623730951, 0, 0, 0, 0, 0, 0, 0, 0, 12, 6, 3, -6]
31 17
[3.0, 4.242640687119285, 2.0, 2.8284271247461903, 2.0, 1.4142135623730951, 1.0, 1.4142135623730951, 0, 0, 0, 0, 0, 0, 0, 0, 12, 6, 3, -6]
32 15
[1.0, 7.0710678118654755, 1.0, 7.0710678118654755, 15.0, 1.4142135623730951, 1.0, 1.4142135623730951, 0, 0, 0, 0, 0, 0, 0, 0, 12, 6, 2, -7]
33 16
[1.0, 1.4142135623730951, 1.0, 1.4142135623730951, 1.0, 1.4142135623730951, 1.0, 1.4142135623730951, 0, 0, 0, 0, 0, 0, 0, 0, 12, 6, 2, -7]
31 16
[4.0, 5.656854249492381, 2.0, 1.4142135623730951, 1.0, 1.4142135623730951, 1.0, 1.4142135623730951, 0, 0, 0, 0, 0, 0, 0, 0, 12, 6, 3, -6]
32 14
[1.0, 1.4142135623730951, 32.0, 7.0710678118654755, 14.0, 1.4142135623730951, 1.0, 1.4142135623730951, 0, 0, 0, 0, 0, 0, 0, 0, 12, 6, 2, -7]
33 15
[1.0, 1.4142135623730951, 1.0, 8.48528137423857, 15.0, 1.4142135623730951, 1.0, 1.4142135623730951, 0, 0, 0, 0, 0, 0, 0, 0, 12, 6, 1, -8]
31 15
[5.0, 2.8284271247461903, 1.0, 5.656854249492381, 15.0, 1.4142135623730951, 1.0, 1.4142135623730951, 0, 0, 0, 0, 0, 0, 0, 0, 12, 6, 1, -8]
33 14
[1.0, 1.4142135623730951, 33.0, 18.384776310850235, 14.0, 1.4142135623730951, 1.0, 1.4142135623730951, 0, 0, 0, 1, 0, 0, 0, 0, 12, 6, 1, -8]
33 16
[1.0, 1.4142135623730951, 1.0, 1.4142135623730951, 1.0, 1.4142135623730951, 1.0, 1.4142135623730951, 0, 0, 0, 0, 0, 0, 0, 0, 12, 6, 1, -49]
33 13
[1.0, 2.8284271247461903, 33.0, 11.313708498984761, 13.0, 1.4142135623730951, 1.0, 1.4142135623730951, 0, 0, 0, 0, 0, 0, 0, 0, 12, 6, 1, -8]
32 14
[1.0, 1.4142135623730951, 32.0, 7.0710678118654755, 14.0, 1.4142135623730951, 1.0, 1.4142135623730951, 0, 0, 0, 0, 0, 0, 0, 0, 12, 6, 1, -8]
33 12
[1.0, 4.242640687119285, 33.0, 9.899494936611665, 12.0, 1.4142135623730951, 1.0, 1.4142135623730951, 0, 0, 0, 0, 0, 0, 0, 0, 12, 6, 1, -8]
32 13
[2.0, 2.8284271247461903, 32.0, 16.97056274847714, 13.0, 1.4142135623730951, 1.0, 1.4142135623730951, 0, 0, 0, 1, 0, 0, 0, 0, 12, 6, 1, -8]
33 11
[1.0, 5.656854249492381, 6.0, 8.48528137423857, 11.0, 1.4142135623730951, 1.0, 1.4142135623730951, 0, 0, 0, 0, 0, 0, 0, 0, 12, 6, 1, -8]
32 12
[3.0, 4.242640687119285, 32.0, 9.899494936611665, 12.0, 1.4142135623730951, 1.0, 1.4142135623730951, 0, 0, 0, 0, 0, 0, 0, 0, 12, 6, 1, -8]
33 10
[1.0, 7.0710678118654755, 6.0, 8.48528137423857, 10.0, 1.4142135623730951, 1.0, 1.4142135623730951, 0, 0, 0, 0, 0, 0, 0, 0, 12, 6, 1, -8]
32 11
[4.0, 5.656854249492381, 5.0, 8.48528137423857, 11.0, 1.4142135623730951, 1.0, 1.4142135623730951, 0, 0, 0, 0, 0, 0, 0, 0, 12, 6, 1, -8]
33 9
[1.0, 8.48528137423857, 6.0, 8.48528137423857, 9.0, 1.4142135623730951, 1.0, 1.4142135623730951, 0, 0, 0, 0, 0, 0, 0, 0, 12, 6, 1, -8]
32 10
[5.0, 7.0710678118654755, 5.0, 7.0710678118654755, 10.0, 1.4142135623730951, 1.0, 1.4142135623730951, 0, 0, 0, 0, 0, 0, 0, 0, 12, 6, 1, -8]
33 8
[1.0, 9.899494936611665, 33.0, 9.899494936611665, 8.0, 1.4142135623730951, 1.0, 1.4142135623730951, 0, 0, 0, 1, 0, 0, 0, 0, 12, 6, 1, -8]
32 9
[6.0, 8.48528137423857, 5.0, 7.0710678118654755, 9.0, 1.4142135623730951, 1.0, 1.4142135623730951, 0, 0, 0, 0, 0, 0, 0, 0, 12, 6, 1, -8]
32 8
[1.0, 9.899494936611665, 32.0, 7.0710678118654755, 8.0, 1.4142135623730951, 1.0, 1.4142135623730951, 0, 0, 0, 0, 0, 0, 0, 0, 12, 6, 1, -8]
32 10
[5.0, 7.0710678118654755, 5.0, 7.0710678118654755, 1.0, 1.4142135623730951, 1.0, 1.4142135623730951, 0, 0, 0, 0, 0, 0, 0, 0, 12, 6, 1, -8]
31 9
[6.0, 8.48528137423857, 4.0, 5.656854249492381, 8.0, 1.4142135623730951, 1.0, 1.4142135623730951, 0, 0, 0, 0, 1, 0, 0, 0, 12, 6, 1, -8]
31 8
[1.0, 16.97056274847714, 31.0, 5.656854249492381, 7.0, 1.4142135623730951, 1.0, 1.4142135623730951, 0, 0, 0, 0, 1, 0, 0, 0, 12, 6, 1, -8]
31 10
[5.0, 7.0710678118654755, 4.0, 7.0710678118654755, 1.0, 1.4142135623730951, 1.0, 1.4142135623730951, 0, 0, 0, 0, 0, 0, 0, 0, 12, 6, 1, -8]
30 9
[6.0, 15.556349186104045, 3.0, 5.656854249492381, 8.0, 1.4142135623730951, 1.0, 1.4142135623730951, 0, 0, 0, 0, 1, 0, 0, 0, 12, 6, 1, -8]
30 8
[1.0, 4.242640687119285, 30.0, 4.242640687119285, 7.0, 1.4142135623730951, 1.0, 1.4142135623730951, 0, 0, 0, 0, 1, 0, 0, 0, 12, 6, 1, -8]
30 10
[5.0, 7.0710678118654755, 3.0, 7.0710678118654755, 1.0, 1.4142135623730951, 1.0, 1.4142135623730951, 0, 0, 0, 0, 0, 0, 0, 0, 12, 6, 1, -8]
29 9
[6.0, 2.8284271247461903, 2.0, 5.656854249492381, 8.0, 1.4142135623730951, 1.0, 1.4142135623730951, 0, 0, 0, 0, 1, 0, 0, 0, 12, 6, 1, -8]
29 8
[1.0, 2.8284271247461903, 29.0, 4.242640687119285, 7.0, 1.4142135623730951, 1.0, 1.4142135623730951, 0, 0, 0, 0, 1, 0, 0, 0, 12, 6, 1, -8]
29 10
[5.0, 14.142135623730951, 2.0, 12.727922061357855, 1.0, 1.4142135623730951, 1.0, 1.4142135623730951, 0, 0, 0, 1, 0, 0, 0, 0, 12, 6, 1, -8]
28 9
[6.0, 1.4142135623730951, 1.0, 11.313708498984761, 8.0, 1.4142135623730951, 1.0, 1.4142135623730951, 0, 0, 0, 1, 1, 0, 0, 0, 12, 6, 1, -8]
28 8
[1.0, 1.4142135623730951, 28.0, 4.242640687119285, 7.0, 1.4142135623730951, 1.0, 1.4142135623730951, 0, 0, 0, 0, 1, 0, 0, 0, 12, 6, 1, -8]
28 10
[5.0, 1.4142135623730951, 1.0, 1.4142135623730951, 1.0, 1.4142135623730951, 1.0, 1.4142135623730951, 0, 0, 0, 0, 0, 0, 0, 0, 12, 6, 1, -8]
29 10
[5.0, 14.142135623730951, 1.0, 1.4142135623730951, 1.0, 1.4142135623730951, 1.0, 1.4142135623730951, 0, 0, 0, 0, 0, 0, 0, 0, 12, 6, 1, -8]
28 11
[4.0, 12.727922061357855, 1.0, 1.4142135623730951, 1.0, 1.4142135623730951, 1.0, 1.4142135623730951, 0, 0, 0, 0, 0, 0, 0, 0, 12, 6, 1, -8]
29 11
[4.0, 5.656854249492381, 1.0, 1.4142135623730951, 2.0, 1.4142135623730951, 1.0, 1.4142135623730951, 0, 0, 0, 0, 0, 0, 0, 0, 12, 6, 1, -8]
28 12
[3.0, 4.242640687119285, 28.0, 1.4142135623730951, 1.0, 1.4142135623730951, 1.0, 1.4142135623730951, 0, 0, 0, 0, 0, 0, 0, 0, 12, 6, 1, -8]
29 10
[1.0, 1.4142135623730951, 1.0, 1.4142135623730951, 1.0, 1.4142135623730951, 1.0, 1.4142135623730951, 0, 0, 0, 0, 0, 0, 0, 0, 12, 6, 1, -8]
30 11
[4.0, 5.656854249492381, 1.0, 2.8284271247461903, 2.0, 1.4142135623730951, 1.0, 1.4142135623730951, 0, 0, 0, 0, 0, 0, 0, 0, 12, 6, 1, -8]
29 12
[3.0, 4.242640687119285, 29.0, 1.4142135623730951, 1.0, 1.4142135623730951, 1.0, 1.4142135623730951, 0, 0, 0, 0, 0, 0, 0, 0, 12, 6, 1, -8]
29 9
[1.0, 1.4142135623730951, 1.0, 5.656854249492381, 8.0, 1.4142135623730951, 1.0, 1.4142135623730951, 0, 0, 0, 0, 1, 0, 0, 0, 12, 6, 1, -49]
30 10
[5.0, 1.4142135623730951, 1.0, 1.4142135623730951, 1.0, 1.4142135623730951, 1.0, 1.4142135623730951, 0, 0, 0, 0, 0, 0, 0, 0, 12, 6, 1, -8]
28 10
[1.0, 1.4142135623730951, 1.0, 1.4142135623730951, 1.0, 1.4142135623730951, 1.0, 1.4142135623730951, 0, 0, 0, 0, 0, 0, 0, 0, 12, 6, 1, -49]
30 9
[1.0, 1.4142135623730951, 1.0, 5.656854249492381, 8.0, 1.4142135623730951, 1.0, 1.4142135623730951, 0, 0, 0, 0, 1, 0, 0, 0, 12, 6, 1, -50]
31 10
[5.0, 7.0710678118654755, 1.0, 1.4142135623730951, 1.0, 1.4142135623730951, 1.0, 1.4142135623730951, 0, 0, 0, 0, 0, 0, 0, 0, 12, 6, 1, -9]
30 11
[4.0, 5.656854249492381, 1.0, 1.4142135623730951, 1.0, 1.4142135623730951, 1.0, 1.4142135623730951, 0, 0, 0, 0, 0, 0, 0, 0, 12, 6, 1, -9]
31 11
[4.0, 5.656854249492381, 1.0, 1.4142135623730951, 2.0, 1.4142135623730951, 1.0, 1.4142135623730951, 0, 0, 0, 0, 0, 0, 0, 0, 12, 6, 1, -10]
30 12
[3.0, 4.242640687119285, 30.0, 1.4142135623730951, 1.0, 1.4142135623730951, 1.0, 1.4142135623730951, 0, 0, 0, 0, 0, 0, 0, 0, 12, 6, 1, -10]
29 11
[4.0, 5.656854249492381, 1.0, 1.4142135623730951, 1.0, 1.4142135623730951, 1.0, 1.4142135623730951, 0, 0, 0, 0, 0, 0, 0, 0, 12, 6, 1, -51]
31 10
[1.0, 1.4142135623730951, 1.0, 1.4142135623730951, 1.0, 1.4142135623730951, 1.0, 1.4142135623730951, 0, 0, 0, 0, 0, 0, 0, 0, 12, 6, 1, -11]
32 11
[4.0, 5.656854249492381, 1.0, 2.8284271247461903, 2.0, 1.4142135623730951, 1.0, 1.4142135623730951, 0, 0, 0, 0, 0, 1, 0, 0, 12, 6, 1, -11]
31 12
[3.0, 4.242640687119285, 31.0, 1.4142135623730951, 1.0, 1.4142135623730951, 1.0, 1.4142135623730951, 0, 0, 0, 0, 0, 0, 0, 0, 12, 6, 1, -11]
31 9
[1.0, 1.4142135623730951, 1.0, 5.656854249492381, 8.0, 1.4142135623730951, 1.0, 1.4142135623730951, 0, 0, 0, 0, 1, 0, 0, 0, 12, 6, 1, -53]
32 10
[5.0, 1.4142135623730951, 1.0, 1.4142135623730951, 1.0, 1.4142135623730951, 1.0, 1.4142135623730951, 0, 0, 0, 0, 0, 1, 1, 1, 12, 6, 1, -12]
30 10
[1.0, 1.4142135623730951, 1.0, 1.4142135623730951, 1.0, 1.4142135623730951, 1.0, 1.4142135623730951, 0, 0, 0, 0, 0, 0, 0, 0, 12, 6, 1, -53]
32 9
[1.0, 1.4142135623730951, 1.0, 7.0710678118654755, 8.0, 1.4142135623730951, 1.0, 1.4142135623730951, 0, 0, 0, 0, 1, 1, 1, 1, 12, 6, 1, -53]
33 10
[1.0, 7.0710678118654755, 1.0, 1.4142135623730951, 1.0, 1.4142135623730951, 1.0, 1.4142135623730951, 1, 0, 0, 0, 1, 0, 0, 0, 12, 6, 1, -71]
32 11
[4.0, 5.656854249492381, 1.0, 1.4142135623730951, 1.0, 1.4142135623730951, 1.0, 1.4142135623730951, 0, 0, 0, 0, 0, 1, 1, 1, 12, 6, 1, -12]
33 11
[1.0, 1.4142135623730951, 1.0, 1.4142135623730951, 1.0, 1.4142135623730951, 1.0, 1.4142135623730951, 1, 1, 0, 0, 1, 0, 0, 0, 12, 6, 1, -71]
32 12
[3.0, 4.242640687119285, 32.0, 1.4142135623730951, 1.0, 1.4142135623730951, 1.0, 1.4142135623730951, 0, 0, 0, 0, 0, 1, 1, 0, 12, 6, 1, -71]
31 11
[4.0, 5.656854249492381, 1.0, 1.4142135623730951, 1.0, 1.4142135623730951, 1.0, 1.4142135623730951, 0, 0, 0, 0, 0, 0, 0, 1, 12, 6, 1, -53]
33 10
[1.0, 1.4142135623730951, 1.0, 1.4142135623730951, 1.0, 1.4142135623730951, 1.0, 1.4142135623730951, 0, 0, 0, 0, 1, 0, 0, 0, 11, 6, 1, -70]
33 12
[1.0, 4.242640687119285, 1.0, 1.4142135623730951, 1.0, 1.4142135623730951, 1.0, 1.4142135623730951, 0, 0, 1, 0, 0, 0, 0, 0, 11, 6, 1, -70]
33 9
[1.0, 1.4142135623730951, 1.0, 8.48528137423857, 1.0, 1.4142135623730951, 1.0, 1.4142135623730951, 0, 0, 0, 0, 1, 0, 0, 0, 10, 5, 1, -69]
32 10
[1.0, 1.4142135623730951, 1.0, 1.4142135623730951, 1.0, 1.4142135623730951, 1.0, 1.4142135623730951, 0, 0, 0, 0, 0, 1, 0, 0, 10, 5, 1, -51]
33 8
[1.0, 1.4142135623730951, 33.0, 9.899494936611665, 1.0, 1.4142135623730951, 1.0, 1.4142135623730951, 0, 0, 0, 1, 1, 0, 0, 0, 9, 4, 1, -69]
32 9
[1.0, 1.4142135623730951, 1.0, 7.0710678118654755, 8.0, 1.4142135623730951, 1.0, 1.4142135623730951, 0, 0, 0, 0, 1, 1, 0, 0, 9, 4, 1, -51]
33 7
[1.0, 2.8284271247461903, 33.0, 8.48528137423857, 1.0, 1.4142135623730951, 1.0, 1.4142135623730951, 0, 0, 0, 1, 1, 0, 0, 0, 8, 3, 1, -69]
32 8
[1.0, 1.4142135623730951, 32.0, 7.0710678118654755, 7.0, 1.4142135623730951, 1.0, 1.4142135623730951, 0, 0, 0, 0, 1, 1, 0, 0, 8, 3, 1, -10]
33 6
[1.0, 4.242640687119285, 33.0, 7.0710678118654755, 1.0, 1.4142135623730951, 1.0, 1.4142135623730951, 0, 0, 0, 1, 1, 0, 0, 0, 7, 2, 1, -69]
32 7
[2.0, 2.8284271247461903, 32.0, 8.48528137423857, 6.0, 1.4142135623730951, 1.0, 1.4142135623730951, 0, 0, 0, 1, 1, 1, 0, 0, 7, 2, 1, -10]
33 5
[1.0, 5.656854249492381, 6.0, 5.656854249492381, 1.0, 1.4142135623730951, 1.0, 1.4142135623730951, 0, 0, 0, 1, 1, 0, 0, 0, 6, 1, 1, -8]
32 6
[3.0, 4.242640687119285, 32.0, 7.0710678118654755, 5.0, 1.4142135623730951, 1.0, 1.4142135623730951, 0, 0, 0, 1, 1, 1, 0, 0, 6, 1, 1, 51]
Winner side: Yellow
Details:
  Scores:
    Blue -> -15
    Yellow -> 35
