Loading config from configs\gamecfg161.json
Loading neural network from nn\nn_161.pkl
Starting client
Connecting to host 'localhost' port 8161
Connected successfully
joined the game successfully
Side: Blue
2 1
[19.0, 2.8284271247461903, 1.0, 1.4142135623730951, 1.0, 1.4142135623730951, 19.0, 19.79898987322333, 0, 0, 0, 0, 0, 0, 0, 0, 12, 6, 4, 1]
1 2
[18.0, 1.4142135623730951, 1.0, 1.4142135623730951, 1.0, 2.8284271247461903, 20.0, 9.899494936611665, 0, 0, 0, 0, 0, 0, 0, 0, 12, 6, 4, 1]
3 1
[19.0, 4.242640687119285, 1.0, 1.4142135623730951, 1.0, 1.4142135623730951, 18.0, 5.656854249492381, 0, 0, 0, 0, 0, 0, 0, 0, 12, 6, 4, 1]
2 2
[18.0, 2.8284271247461903, 2.0, 1.4142135623730951, 1.0, 2.8284271247461903, 19.0, 9.899494936611665, 0, 0, 0, 0, 0, 0, 0, 0, 12, 6, 4, 1]
4 1
[19.0, 5.656854249492381, 1.0, 1.4142135623730951, 1.0, 1.4142135623730951, 17.0, 4.242640687119285, 0, 0, 0, 0, 0, 0, 0, 0, 12, 6, 4, 1]
3 2
[18.0, 4.242640687119285, 3.0, 1.4142135623730951, 1.0, 2.8284271247461903, 18.0, 18.384776310850235, 0, 0, 0, 0, 0, 0, 0, 0, 12, 6, 4, 1]
5 1
[19.0, 7.0710678118654755, 1.0, 1.4142135623730951, 1.0, 1.4142135623730951, 16.0, 2.8284271247461903, 0, 0, 0, 0, 0, 0, 0, 0, 12, 6, 4, 1]
4 2
[18.0, 5.656854249492381, 4.0, 1.4142135623730951, 1.0, 2.8284271247461903, 17.0, 4.242640687119285, 0, 0, 0, 0, 0, 0, 0, 0, 12, 6, 4, 1]
6 1
[19.0, 8.48528137423857, 1.0, 1.4142135623730951, 1.0, 1.4142135623730951, 15.0, 2.8284271247461903, 0, 0, 0, 0, 0, 0, 0, 0, 12, 6, 4, 1]
5 2
[18.0, 7.0710678118654755, 5.0, 1.4142135623730951, 1.0, 2.8284271247461903, 16.0, 2.8284271247461903, 0, 0, 0, 0, 0, 0, 0, 0, 12, 6, 4, 1]
7 1
[2.0, 9.899494936611665, 1.0, 1.4142135623730951, 1.0, 1.4142135623730951, 14.0, 2.8284271247461903, 0, 0, 0, 0, 0, 0, 0, 0, 12, 6, 4, 1]
6 2
[18.0, 8.48528137423857, 6.0, 1.4142135623730951, 1.0, 2.8284271247461903, 15.0, 1.4142135623730951, 0, 0, 0, 0, 0, 0, 0, 0, 12, 6, 4, 1]
8 1
[2.0, 11.313708498984761, 1.0, 1.4142135623730951, 1.0, 1.4142135623730951, 13.0, 11.313708498984761, 0, 0, 0, 0, 0, 0, 0, 0, 12, 6, 4, 1]
7 2
[1.0, 9.899494936611665, 7.0, 1.4142135623730951, 1.0, 2.8284271247461903, 14.0, 1.4142135623730951, 0, 0, 0, 0, 0, 0, 0, 0, 12, 6, 4, 1]
9 1
[2.0, 2.8284271247461903, 1.0, 1.4142135623730951, 1.0, 1.4142135623730951, 12.0, 11.313708498984761, 0, 0, 0, 0, 0, 0, 0, 0, 12, 6, 4, 1]
8 2
[1.0, 1.4142135623730951, 8.0, 1.4142135623730951, 1.0, 2.8284271247461903, 13.0, 1.4142135623730951, 0, 0, 0, 0, 0, 0, 0, 0, 12, 6, 4, 1]
10 1
[19.0, 2.8284271247461903, 1.0, 1.4142135623730951, 1.0, 1.4142135623730951, 11.0, 11.313708498984761, 0, 0, 0, 0, 0, 0, 0, 0, 12, 6, 4, 1]
9 2
[1.0, 1.4142135623730951, 9.0, 1.4142135623730951, 1.0, 2.8284271247461903, 12.0, 9.899494936611665, 0, 0, 0, 0, 0, 0, 0, 0, 12, 6, 4, 1]
11 1
[19.0, 2.8284271247461903, 1.0, 1.4142135623730951, 1.0, 1.4142135623730951, 10.0, 14.142135623730951, 0, 0, 0, 0, 0, 0, 0, 0, 12, 6, 4, 1]
10 2
[18.0, 1.4142135623730951, 10.0, 1.4142135623730951, 1.0, 2.8284271247461903, 11.0, 9.899494936611665, 0, 0, 0, 0, 0, 0, 0, 0, 12, 6, 4, 1]
12 1
[19.0, 4.242640687119285, 1.0, 1.4142135623730951, 1.0, 1.4142135623730951, 9.0, 5.656854249492381, 0, 0, 0, 0, 0, 0, 0, 0, 12, 6, 4, 1]
11 2
[18.0, 2.8284271247461903, 11.0, 1.4142135623730951, 1.0, 2.8284271247461903, 10.0, 9.899494936611665, 0, 0, 0, 0, 0, 0, 0, 0, 12, 6, 4, 1]
13 1
[19.0, 5.656854249492381, 1.0, 1.4142135623730951, 1.0, 1.4142135623730951, 8.0, 4.242640687119285, 0, 0, 0, 0, 0, 0, 0, 0, 12, 6, 4, 1]
12 2
[18.0, 4.242640687119285, 12.0, 1.4142135623730951, 1.0, 2.8284271247461903, 9.0, 12.727922061357855, 0, 0, 0, 0, 0, 0, 0, 0, 12, 6, 4, 1]
14 1
[19.0, 19.79898987322333, 1.0, 1.4142135623730951, 1.0, 1.4142135623730951, 7.0, 2.8284271247461903, 0, 0, 0, 0, 0, 0, 0, 0, 12, 6, 4, 1]
13 2
[18.0, 18.384776310850235, 13.0, 1.4142135623730951, 1.0, 2.8284271247461903, 8.0, 4.242640687119285, 0, 0, 0, 0, 0, 0, 0, 0, 12, 6, 4, 1]
15 1
[19.0, 11.313708498984761, 1.0, 1.4142135623730951, 1.0, 1.4142135623730951, 6.0, 2.8284271247461903, 0, 0, 0, 0, 0, 0, 0, 0, 12, 6, 4, 1]
14 2
[18.0, 9.899494936611665, 14.0, 1.4142135623730951, 1.0, 2.8284271247461903, 7.0, 2.8284271247461903, 0, 0, 0, 0, 0, 0, 0, 0, 12, 6, 4, 1]
16 1
[2.0, 11.313708498984761, 1.0, 1.4142135623730951, 1.0, 1.4142135623730951, 5.0, 2.8284271247461903, 0, 0, 0, 0, 0, 0, 0, 0, 12, 6, 4, 1]
15 2
[18.0, 9.899494936611665, 15.0, 1.4142135623730951, 1.0, 2.8284271247461903, 6.0, 1.4142135623730951, 0, 0, 0, 0, 0, 0, 0, 0, 12, 6, 4, 1]
17 1
[2.0, 11.313708498984761, 1.0, 1.4142135623730951, 1.0, 1.4142135623730951, 4.0, 5.656854249492381, 0, 0, 0, 0, 0, 0, 0, 0, 12, 6, 4, 1]
16 2
[1.0, 9.899494936611665, 16.0, 1.4142135623730951, 1.0, 2.8284271247461903, 5.0, 1.4142135623730951, 0, 0, 0, 0, 0, 0, 0, 0, 12, 6, 4, 1]
18 1
[2.0, 2.8284271247461903, 1.0, 1.4142135623730951, 1.0, 1.4142135623730951, 3.0, 4.242640687119285, 0, 0, 0, 0, 0, 0, 0, 0, 12, 6, 4, 1]
17 2
[1.0, 1.4142135623730951, 17.0, 1.4142135623730951, 1.0, 2.8284271247461903, 4.0, 1.4142135623730951, 0, 0, 0, 0, 0, 0, 0, 0, 12, 6, 4, 1]
19 1
[19.0, 2.8284271247461903, 1.0, 1.4142135623730951, 1.0, 1.4142135623730951, 2.0, 2.8284271247461903, 0, 0, 0, 0, 0, 0, 0, 0, 12, 6, 4, 1]
18 2
[1.0, 1.4142135623730951, 18.0, 1.4142135623730951, 1.0, 2.8284271247461903, 3.0, 4.242640687119285, 0, 0, 0, 0, 0, 0, 0, 0, 12, 6, 4, 1]
20 1
[19.0, 2.8284271247461903, 1.0, 1.4142135623730951, 1.0, 1.4142135623730951, 1.0, 1.4142135623730951, 0, 0, 0, 0, 0, 0, 0, 0, 12, 6, 4, 1]
19 2
[18.0, 1.4142135623730951, 19.0, 1.4142135623730951, 1.0, 2.8284271247461903, 2.0, 2.8284271247461903, 0, 0, 0, 0, 0, 0, 0, 0, 12, 6, 4, 1]
21 1
[17.0, 4.242640687119285, 1.0, 1.4142135623730951, 1.0, 1.4142135623730951, 1.0, 1.4142135623730951, 1, 0, 0, 0, 0, 0, 0, 0, 12, 6, 4, 1]
20 2
[16.0, 2.8284271247461903, 20.0, 1.4142135623730951, 1.0, 1.4142135623730951, 1.0, 1.4142135623730951, 1, 0, 0, 0, 0, 0, 0, 0, 12, 6, 4, 1]
22 1
[17.0, 5.656854249492381, 1.0, 1.4142135623730951, 1.0, 1.4142135623730951, 1.0, 1.4142135623730951, 1, 0, 0, 0, 0, 0, 0, 0, 12, 6, 4, 1]
21 2
[16.0, 4.242640687119285, 21.0, 1.4142135623730951, 1.0, 1.4142135623730951, 1.0, 1.4142135623730951, 1, 0, 0, 0, 0, 0, 0, 0, 12, 6, 4, 1]
23 1
[17.0, 19.79898987322333, 1.0, 1.4142135623730951, 1.0, 1.4142135623730951, 1.0, 1.4142135623730951, 1, 0, 0, 0, 0, 0, 0, 0, 12, 6, 4, 1]
22 2
[16.0, 18.384776310850235, 22.0, 1.4142135623730951, 1.0, 1.4142135623730951, 1.0, 1.4142135623730951, 1, 0, 0, 0, 0, 0, 0, 0, 12, 6, 4, 1]
24 1
[17.0, 11.313708498984761, 1.0, 1.4142135623730951, 1.0, 1.4142135623730951, 1.0, 1.4142135623730951, 1, 0, 0, 0, 0, 0, 0, 0, 12, 6, 4, 1]
23 2
[16.0, 9.899494936611665, 23.0, 1.4142135623730951, 1.0, 1.4142135623730951, 1.0, 1.4142135623730951, 1, 0, 0, 0, 0, 0, 0, 0, 12, 6, 4, 1]
25 1
[2.0, 11.313708498984761, 1.0, 1.4142135623730951, 1.0, 1.4142135623730951, 1.0, 1.4142135623730951, 0, 0, 0, 0, 0, 0, 0, 0, 12, 6, 4, 1]
24 2
[16.0, 9.899494936611665, 24.0, 1.4142135623730951, 1.0, 1.4142135623730951, 1.0, 1.4142135623730951, 1, 0, 0, 0, 0, 0, 0, 0, 12, 6, 4, 1]
26 1
[2.0, 11.313708498984761, 1.0, 1.4142135623730951, 1.0, 1.4142135623730951, 1.0, 1.4142135623730951, 0, 0, 0, 0, 0, 0, 0, 0, 12, 6, 4, 1]
25 2
[1.0, 9.899494936611665, 25.0, 1.4142135623730951, 1.0, 1.4142135623730951, 1.0, 1.4142135623730951, 0, 0, 0, 0, 0, 0, 0, 0, 12, 6, 4, 1]
27 1
[2.0, 2.8284271247461903, 1.0, 1.4142135623730951, 1.0, 1.4142135623730951, 1.0, 1.4142135623730951, 0, 0, 0, 0, 0, 0, 0, 0, 12, 6, 4, 1]
26 2
[1.0, 1.4142135623730951, 26.0, 1.4142135623730951, 1.0, 1.4142135623730951, 1.0, 1.4142135623730951, 0, 0, 0, 0, 0, 0, 0, 0, 12, 6, 4, 1]
28 1
[17.0, 2.8284271247461903, 1.0, 1.4142135623730951, 1.0, 1.4142135623730951, 1.0, 1.4142135623730951, 1, 0, 0, 0, 0, 0, 0, 0, 12, 6, 4, 1]
27 2
[1.0, 1.4142135623730951, 27.0, 1.4142135623730951, 1.0, 1.4142135623730951, 1.0, 1.4142135623730951, 0, 0, 0, 0, 0, 0, 0, 0, 12, 6, 4, 1]
29 1
[17.0, 2.8284271247461903, 1.0, 1.4142135623730951, 1.0, 1.4142135623730951, 1.0, 1.4142135623730951, 1, 0, 0, 0, 0, 0, 0, 0, 12, 6, 4, 1]
28 2
[16.0, 1.4142135623730951, 28.0, 1.4142135623730951, 1.0, 1.4142135623730951, 1.0, 1.4142135623730951, 1, 0, 0, 0, 0, 0, 0, 0, 12, 6, 4, 1]
30 1
[17.0, 4.242640687119285, 1.0, 1.4142135623730951, 1.0, 1.4142135623730951, 1.0, 1.4142135623730951, 1, 0, 0, 0, 0, 0, 0, 0, 12, 6, 4, 1]
29 2
[16.0, 2.8284271247461903, 29.0, 1.4142135623730951, 1.0, 1.4142135623730951, 1.0, 1.4142135623730951, 1, 0, 0, 0, 0, 0, 0, 0, 12, 6, 4, 1]
31 1
[17.0, 5.656854249492381, 1.0, 1.4142135623730951, 1.0, 1.4142135623730951, 1.0, 1.4142135623730951, 1, 0, 0, 0, 0, 0, 0, 0, 12, 6, 4, 1]
30 2
[16.0, 4.242640687119285, 30.0, 1.4142135623730951, 1.0, 1.4142135623730951, 1.0, 1.4142135623730951, 1, 0, 0, 0, 0, 0, 0, 0, 12, 6, 4, 1]
32 1
[17.0, 19.79898987322333, 1.0, 1.4142135623730951, 1.0, 1.4142135623730951, 1.0, 1.4142135623730951, 1, 0, 0, 0, 0, 0, 0, 0, 12, 6, 4, 1]
31 2
[16.0, 18.384776310850235, 31.0, 1.4142135623730951, 1.0, 1.4142135623730951, 1.0, 1.4142135623730951, 1, 0, 0, 0, 0, 0, 0, 0, 12, 6, 4, 1]
33 1
[17.0, 11.313708498984761, 1.0, 1.4142135623730951, 1.0, 1.4142135623730951, 1.0, 1.4142135623730951, 1, 0, 0, 0, 0, 0, 0, 0, 12, 6, 4, 1]
32 2
[16.0, 9.899494936611665, 32.0, 1.4142135623730951, 1.0, 1.4142135623730951, 1.0, 1.4142135623730951, 1, 0, 0, 0, 0, 0, 0, 0, 12, 6, 4, 1]
33 2
[16.0, 9.899494936611665, 33.0, 1.4142135623730951, 1.0, 1.4142135623730951, 1.0, 1.4142135623730951, 1, 0, 0, 0, 0, 0, 0, 0, 12, 6, 4, 1]
33 3
[15.0, 8.48528137423857, 6.0, 2.8284271247461903, 1.0, 1.4142135623730951, 1.0, 1.4142135623730951, 1, 0, 0, 0, 0, 0, 0, 0, 12, 6, 4, 1]
32 2
[16.0, 9.899494936611665, 32.0, 1.4142135623730951, 1.0, 1.4142135623730951, 1.0, 1.4142135623730951, 1, 0, 0, 0, 0, 0, 0, 0, 12, 6, 4, 1]
33 4
[14.0, 8.48528137423857, 6.0, 4.242640687119285, 1.0, 1.4142135623730951, 1.0, 1.4142135623730951, 1, 0, 0, 0, 0, 0, 0, 0, 12, 6, 4, 1]
32 3
[15.0, 8.48528137423857, 5.0, 2.8284271247461903, 2.0, 1.4142135623730951, 1.0, 1.4142135623730951, 1, 0, 0, 0, 0, 0, 0, 0, 12, 6, 4, 1]
33 5
[13.0, 8.48528137423857, 6.0, 5.656854249492381, 1.0, 1.4142135623730951, 1.0, 1.4142135623730951, 1, 0, 0, 0, 0, 0, 0, 0, 12, 6, 4, 1]
32 4
[14.0, 7.0710678118654755, 5.0, 4.242640687119285, 3.0, 1.4142135623730951, 1.0, 1.4142135623730951, 1, 0, 0, 0, 0, 0, 0, 0, 12, 6, 4, 1]
33 6
[12.0, 16.97056274847714, 33.0, 7.0710678118654755, 1.0, 1.4142135623730951, 1.0, 1.4142135623730951, 1, 1, 0, 0, 0, 0, 0, 0, 12, 6, 4, 1]
32 5
[13.0, 7.0710678118654755, 5.0, 5.656854249492381, 4.0, 1.4142135623730951, 1.0, 1.4142135623730951, 1, 0, 0, 0, 0, 0, 0, 0, 12, 6, 4, 1]
33 7
[11.0, 11.313708498984761, 33.0, 8.48528137423857, 1.0, 1.4142135623730951, 1.0, 1.4142135623730951, 1, 0, 0, 0, 0, 0, 0, 0, 12, 6, 4, 1]
32 6
[12.0, 7.0710678118654755, 32.0, 7.0710678118654755, 5.0, 1.4142135623730951, 1.0, 1.4142135623730951, 1, 0, 0, 0, 0, 0, 0, 0, 12, 6, 4, 1]
33 8
[10.0, 9.899494936611665, 33.0, 9.899494936611665, 1.0, 1.4142135623730951, 1.0, 1.4142135623730951, 1, 0, 0, 0, 0, 0, 0, 0, 12, 6, 4, 1]
32 7
[11.0, 15.556349186104045, 32.0, 8.48528137423857, 6.0, 1.4142135623730951, 1.0, 1.4142135623730951, 1, 1, 0, 0, 0, 0, 0, 0, 12, 6, 4, 1]
33 9
[9.0, 8.48528137423857, 6.0, 8.48528137423857, 1.0, 1.4142135623730951, 1.0, 1.4142135623730951, 1, 0, 0, 0, 0, 0, 0, 0, 12, 6, 4, 1]
32 8
[10.0, 9.899494936611665, 32.0, 7.0710678118654755, 7.0, 1.4142135623730951, 1.0, 1.4142135623730951, 1, 0, 0, 0, 0, 0, 0, 0, 12, 6, 4, 1]
33 10
[8.0, 8.48528137423857, 6.0, 8.48528137423857, 1.0, 1.4142135623730951, 1.0, 1.4142135623730951, 1, 0, 0, 0, 0, 0, 0, 0, 12, 6, 4, 1]
32 9
[9.0, 8.48528137423857, 5.0, 7.0710678118654755, 8.0, 1.4142135623730951, 1.0, 1.4142135623730951, 1, 0, 0, 0, 0, 0, 0, 0, 12, 6, 4, 1]
33 11
[7.0, 8.48528137423857, 6.0, 8.48528137423857, 1.0, 1.4142135623730951, 1.0, 1.4142135623730951, 1, 0, 0, 0, 0, 0, 0, 0, 12, 6, 4, 1]
32 10
[8.0, 7.0710678118654755, 5.0, 7.0710678118654755, 9.0, 1.4142135623730951, 1.0, 1.4142135623730951, 1, 0, 0, 0, 0, 0, 0, 0, 12, 6, 4, 1]
33 12
[6.0, 8.48528137423857, 33.0, 9.899494936611665, 1.0, 1.4142135623730951, 1.0, 1.4142135623730951, 1, 1, 0, 0, 0, 0, 0, 0, 12, 6, 4, 1]
32 11
[7.0, 7.0710678118654755, 5.0, 8.48528137423857, 10.0, 1.4142135623730951, 1.0, 1.4142135623730951, 1, 0, 0, 0, 0, 0, 0, 0, 12, 6, 4, 1]
33 13
[5.0, 7.0710678118654755, 23.0, 11.313708498984761, 1.0, 1.4142135623730951, 1.0, 1.4142135623730951, 1, 1, 1, 0, 0, 0, 0, 0, 12, 6, 4, 1]
32 12
[6.0, 7.0710678118654755, 22.0, 9.899494936611665, 11.0, 1.4142135623730951, 1.0, 1.4142135623730951, 1, 0, 1, 0, 0, 0, 0, 0, 12, 6, 4, 1]
33 14
[4.0, 5.656854249492381, 23.0, 18.384776310850235, 1.0, 1.4142135623730951, 1.0, 1.4142135623730951, 1, 1, 1, 0, 0, 0, 0, 0, 12, 6, 4, 1]
32 13
[5.0, 7.0710678118654755, 22.0, 16.97056274847714, 12.0, 1.4142135623730951, 1.0, 1.4142135623730951, 1, 1, 1, 0, 0, 0, 0, 0, 12, 6, 4, 1]
33 15
[3.0, 4.242640687119285, 6.0, 8.48528137423857, 1.0, 1.4142135623730951, 1.0, 1.4142135623730951, 1, 1, 0, 0, 0, 0, 0, 0, 12, 6, 4, 1]
32 14
[4.0, 5.656854249492381, 22.0, 7.0710678118654755, 13.0, 1.4142135623730951, 1.0, 1.4142135623730951, 1, 1, 1, 0, 0, 0, 0, 0, 12, 6, 4, 1]
33 16
[2.0, 2.8284271247461903, 6.0, 8.48528137423857, 1.0, 1.4142135623730951, 1.0, 1.4142135623730951, 1, 1, 0, 0, 0, 0, 0, 0, 12, 6, 4, 1]
32 15
[3.0, 4.242640687119285, 5.0, 7.0710678118654755, 14.0, 1.4142135623730951, 1.0, 1.4142135623730951, 1, 1, 0, 0, 0, 0, 0, 0, 12, 6, 4, 1]
33 17
[1.0, 1.4142135623730951, 6.0, 8.48528137423857, 1.0, 1.4142135623730951, 1.0, 1.4142135623730951, 1, 1, 0, 0, 0, 0, 0, 0, 12, 6, 4, 1]
32 16
[2.0, 2.8284271247461903, 5.0, 7.0710678118654755, 15.0, 1.4142135623730951, 1.0, 1.4142135623730951, 1, 1, 0, 0, 0, 0, 0, 0, 12, 6, 4, 1]
33 18
[1.0, 2.8284271247461903, 1.0, 9.899494936611665, 1.0, 1.4142135623730951, 1.0, 1.4142135623730951, 1, 0, 1, 0, 0, 0, 0, 0, 12, 6, 3, 2]
32 17
[1.0, 1.4142135623730951, 5.0, 8.48528137423857, 16.0, 1.4142135623730951, 1.0, 1.4142135623730951, 1, 1, 0, 0, 0, 0, 0, 1, 12, 6, 4, 1]
33 19
[1.0, 1.4142135623730951, 5.0, 1.4142135623730951, 1.0, 1.4142135623730951, 1.0, 1.4142135623730951, 0, 0, 1, 1, 0, 0, 0, 0, 11, 6, 3, 3]
32 18
[2.0, 2.8284271247461903, 1.0, 9.899494936611665, 17.0, 1.4142135623730951, 1.0, 1.4142135623730951, 0, 0, 1, 0, 0, 0, 0, 1, 11, 6, 3, 3]
32 19
[1.0, 1.4142135623730951, 4.0, 1.4142135623730951, 1.0, 1.4142135623730951, 1.0, 1.4142135623730951, 0, 0, 1, 1, 1, 0, 0, 0, 10, 5, 4, 3]
32 18
[1.0, 2.8284271247461903, 1.0, 9.899494936611665, 17.0, 1.4142135623730951, 1.0, 1.4142135623730951, 0, 0, 1, 0, 0, 0, 0, 0, 9, 4, 3, 4]
31 19
[1.0, 1.4142135623730951, 3.0, 1.4142135623730951, 1.0, 1.4142135623730951, 1.0, 1.4142135623730951, 0, 0, 1, 1, 1, 1, 0, 0, 9, 4, 4, 3]
32 17
[1.0, 1.4142135623730951, 5.0, 8.48528137423857, 16.0, 1.4142135623730951, 1.0, 1.4142135623730951, 0, 1, 0, 0, 0, 0, 0, 0, 8, 3, 4, 4]
33 18
[1.0, 1.4142135623730951, 1.0, 9.899494936611665, 1.0, 1.4142135623730951, 1.0, 1.4142135623730951, 0, 0, 0, 0, 0, 0, 0, 0, 8, 3, 3, 3]
31 18
[2.0, 2.8284271247461903, 1.0, 18.384776310850235, 17.0, 1.4142135623730951, 1.0, 1.4142135623730951, 0, 0, 1, 0, 0, 0, 0, 0, 8, 3, 3, 5]
31 17
[1.0, 1.4142135623730951, 4.0, 8.48528137423857, 16.0, 1.4142135623730951, 1.0, 1.4142135623730951, 0, 1, 0, 0, 0, 0, 0, 0, 7, 2, 4, 5]
31 19
[1.0, 1.4142135623730951, 3.0, 1.4142135623730951, 1.0, 1.4142135623730951, 1.0, 1.4142135623730951, 0, 0, 1, 1, 0, 0, 0, 0, 7, 2, 4, 5]
30 18
[2.0, 2.8284271247461903, 1.0, 4.242640687119285, 17.0, 1.4142135623730951, 1.0, 1.4142135623730951, 0, 0, 1, 0, 0, 0, 0, 0, 7, 2, 3, 6]
31 16
[1.0, 2.8284271247461903, 4.0, 7.0710678118654755, 15.0, 1.4142135623730951, 1.0, 1.4142135623730951, 0, 1, 0, 0, 0, 0, 0, 0, 6, 1, 4, 5]
32 17
[1.0, 1.4142135623730951, 1.0, 8.48528137423857, 16.0, 1.4142135623730951, 1.0, 1.4142135623730951, 0, 0, 0, 0, 0, 0, 0, 0, 6, 1, 4, 5]
30 17
[1.0, 1.4142135623730951, 3.0, 16.97056274847714, 16.0, 1.4142135623730951, 1.0, 1.4142135623730951, 1, 1, 0, 0, 0, 0, 0, 0, 6, 1, 4, 5]
30 16
[1.0, 2.8284271247461903, 3.0, 7.0710678118654755, 15.0, 1.4142135623730951, 1.0, 1.4142135623730951, 0, 1, 0, 0, 0, 0, 0, 0, 12, 6, 4, 5]
30 18
[2.0, 2.8284271247461903, 1.0, 4.242640687119285, 1.0, 1.4142135623730951, 1.0, 1.4142135623730951, 0, 0, 1, 0, 0, 0, 0, 0, 12, 6, 3, 6]
29 17
[1.0, 1.4142135623730951, 2.0, 2.8284271247461903, 16.0, 1.4142135623730951, 1.0, 1.4142135623730951, 1, 1, 0, 0, 0, 0, 0, 1, 12, 6, 4, 5]
30 15
[1.0, 4.242640687119285, 3.0, 5.656854249492381, 14.0, 1.4142135623730951, 1.0, 1.4142135623730951, 0, 1, 0, 0, 0, 0, 0, 0, 12, 6, 4, 5]
31 16
[1.0, 1.4142135623730951, 1.0, 7.0710678118654755, 15.0, 1.4142135623730951, 1.0, 1.4142135623730951, 0, 0, 0, 0, 0, 0, 0, 0, 12, 6, 4, 5]
29 16
[2.0, 2.8284271247461903, 2.0, 15.556349186104045, 15.0, 1.4142135623730951, 1.0, 1.4142135623730951, 1, 1, 0, 0, 0, 0, 0, 0, 12, 6, 4, 5]
29 15
[1.0, 2.8284271247461903, 2.0, 5.656854249492381, 14.0, 1.4142135623730951, 1.0, 1.4142135623730951, 0, 0, 0, 0, 0, 0, 0, 0, 12, 6, 4, 5]
29 17
[1.0, 1.4142135623730951, 2.0, 2.8284271247461903, 1.0, 1.4142135623730951, 1.0, 1.4142135623730951, 1, 1, 0, 0, 0, 0, 0, 1, 12, 6, 4, 5]
28 16
[2.0, 1.4142135623730951, 1.0, 1.4142135623730951, 15.0, 1.4142135623730951, 1.0, 1.4142135623730951, 1, 0, 0, 0, 0, 0, 0, 0, 12, 6, 4, 5]
29 14
[1.0, 2.8284271247461903, 19.0, 4.242640687119285, 13.0, 1.4142135623730951, 1.0, 1.4142135623730951, 0, 0, 1, 0, 0, 0, 0, 0, 12, 6, 4, 5]
30 15
[1.0, 1.4142135623730951, 1.0, 5.656854249492381, 14.0, 1.4142135623730951, 1.0, 1.4142135623730951, 0, 0, 0, 0, 0, 0, 0, 0, 12, 6, 4, 5]
28 15
[3.0, 1.4142135623730951, 1.0, 14.142135623730951, 14.0, 1.4142135623730951, 1.0, 1.4142135623730951, 1, 0, 0, 0, 0, 0, 0, 0, 12, 6, 4, 5]
28 14
[1.0, 1.4142135623730951, 18.0, 4.242640687119285, 13.0, 1.4142135623730951, 1.0, 1.4142135623730951, 0, 0, 1, 0, 0, 0, 0, 0, 12, 6, 4, 4]
28 16
[2.0, 1.4142135623730951, 1.0, 1.4142135623730951, 1.0, 1.4142135623730951, 1.0, 1.4142135623730951, 1, 0, 0, 0, 0, 0, 0, 0, 12, 6, 4, 4]
28 13
[1.0, 2.8284271247461903, 18.0, 2.8284271247461903, 12.0, 1.4142135623730951, 1.0, 1.4142135623730951, 0, 0, 1, 0, 0, 0, 0, 0, 12, 6, 4, 3]
29 14
[1.0, 1.4142135623730951, 1.0, 4.242640687119285, 13.0, 1.4142135623730951, 1.0, 1.4142135623730951, 0, 0, 0, 0, 0, 0, 0, 0, 12, 6, 4, 3]
27 14
[1.0, 1.4142135623730951, 17.0, 12.727922061357855, 3.0, 1.4142135623730951, 1.0, 1.4142135623730951, 0, 0, 1, 0, 0, 0, 0, 0, 12, 6, 4, 3]
27 13
[1.0, 2.8284271247461903, 17.0, 2.8284271247461903, 2.0, 1.4142135623730951, 1.0, 1.4142135623730951, 0, 0, 1, 0, 0, 0, 0, 0, 12, 6, 4, 2]
26 14
[1.0, 1.4142135623730951, 16.0, 12.727922061357855, 3.0, 1.4142135623730951, 1.0, 1.4142135623730951, 0, 0, 1, 0, 0, 0, 0, 0, 12, 6, 4, 2]
26 13
[1.0, 7.0710678118654755, 16.0, 11.313708498984761, 2.0, 1.4142135623730951, 1.0, 1.4142135623730951, 0, 1, 1, 0, 0, 0, 0, 0, 12, 6, 4, 1]
25 14
[1.0, 5.656854249492381, 15.0, 12.727922061357855, 3.0, 1.4142135623730951, 1.0, 1.4142135623730951, 0, 1, 1, 0, 0, 0, 0, 0, 12, 6, 4, 1]
26 12
[1.0, 8.48528137423857, 16.0, 1.4142135623730951, 1.0, 1.4142135623730951, 1.0, 1.4142135623730951, 0, 1, 1, 0, 0, 0, 0, 0, 12, 6, 4, 0]
27 13
[1.0, 1.4142135623730951, 1.0, 2.8284271247461903, 2.0, 1.4142135623730951, 1.0, 1.4142135623730951, 0, 0, 0, 0, 0, 0, 0, 0, 12, 6, 4, 0]
25 13
[2.0, 7.0710678118654755, 15.0, 11.313708498984761, 2.0, 1.4142135623730951, 1.0, 1.4142135623730951, 0, 1, 1, 0, 0, 0, 0, 0, 12, 6, 4, 0]
27 12
[2.0, 1.4142135623730951, 1.0, 1.4142135623730951, 1.0, 1.4142135623730951, 1.0, 1.4142135623730951, 0, 0, 0, 0, 0, 0, 0, 0, 12, 6, 4, -1]
25 12
[3.0, 8.48528137423857, 15.0, 9.899494936611665, 1.0, 1.4142135623730951, 1.0, 1.4142135623730951, 0, 1, 1, 0, 0, 0, 0, 0, 12, 6, 4, -1]
28 12
[2.0, 2.8284271247461903, 1.0, 1.4142135623730951, 11.0, 1.4142135623730951, 1.0, 1.4142135623730951, 0, 0, 0, 0, 0, 0, 0, 0, 12, 6, 4, -2]
27 13
[1.0, 1.4142135623730951, 1.0, 1.4142135623730951, 1.0, 1.4142135623730951, 1.0, 1.4142135623730951, 0, 0, 0, 0, 0, 0, 0, 0, 12, 6, 4, -2]
28 11
[1.0, 1.4142135623730951, 1.0, 1.4142135623730951, 10.0, 1.4142135623730951, 1.0, 1.4142135623730951, 0, 0, 0, 0, 0, 0, 0, 0, 12, 6, 4, -3]
29 12
[3.0, 2.8284271247461903, 1.0, 2.8284271247461903, 11.0, 1.4142135623730951, 1.0, 1.4142135623730951, 0, 0, 0, 0, 0, 0, 0, 0, 12, 6, 4, -3]
28 13
[1.0, 1.4142135623730951, 2.0, 1.4142135623730951, 1.0, 1.4142135623730951, 1.0, 1.4142135623730951, 0, 0, 0, 0, 0, 0, 0, 0, 12, 6, 4, -3]
28 10
[1.0, 1.4142135623730951, 1.0, 1.4142135623730951, 9.0, 1.4142135623730951, 1.0, 1.4142135623730951, 0, 0, 0, 0, 0, 0, 0, 0, 12, 6, 4, -4]
29 11
[4.0, 1.4142135623730951, 1.0, 2.8284271247461903, 10.0, 1.4142135623730951, 1.0, 1.4142135623730951, 0, 0, 0, 0, 0, 0, 0, 0, 12, 6, 4, -4]
28 9
[1.0, 1.4142135623730951, 1.0, 11.313708498984761, 8.0, 1.4142135623730951, 1.0, 1.4142135623730951, 0, 0, 0, 0, 0, 0, 0, 0, 12, 6, 4, 56]
29 10
[5.0, 1.4142135623730951, 1.0, 12.727922061357855, 9.0, 1.4142135623730951, 1.0, 1.4142135623730951, 0, 0, 0, 0, 0, 0, 0, 0, 12, 6, 4, 56]
Winner side: Blue
Details:
  Scores:
    Blue -> 59
    Yellow -> 4
