Loading config from configs\gamecfg246.json
Loading neural network from nn\nn_246.pkl
Starting client
Connecting to host 'localhost' port 8046
Connected successfully
joined the game successfully
Side: Yellow
33 18
[1.0, 2.8284271247461903, 33.0, 9.899494936611665, 18.0, 1.4142135623730951, 1.0, 1.4142135623730951, 0, 0, 0, 0, 0, 0, 0, 0, 12, 6, 4, 1]
32 19
[1.0, 1.4142135623730951, 32.0, 19.79898987322333, 19.0, 1.4142135623730951, 1.0, 1.4142135623730951, 0, 0, 0, 0, 0, 0, 0, 0, 12, 6, 4, 1]
32 18
[1.0, 2.8284271247461903, 32.0, 9.899494936611665, 18.0, 1.4142135623730951, 1.0, 1.4142135623730951, 0, 0, 0, 0, 0, 0, 0, 0, 12, 6, 4, 1]
31 19
[1.0, 1.4142135623730951, 31.0, 5.656854249492381, 19.0, 1.4142135623730951, 1.0, 1.4142135623730951, 0, 0, 0, 0, 0, 0, 0, 0, 12, 6, 4, 1]
32 17
[1.0, 4.242640687119285, 5.0, 8.48528137423857, 17.0, 1.4142135623730951, 1.0, 1.4142135623730951, 0, 0, 0, 0, 0, 0, 0, 0, 12, 6, 4, 1]
33 18
[1.0, 1.4142135623730951, 1.0, 9.899494936611665, 18.0, 1.4142135623730951, 1.0, 1.4142135623730951, 0, 0, 0, 0, 0, 0, 0, 0, 12, 6, 4, 1]
31 18
[2.0, 2.8284271247461903, 31.0, 18.384776310850235, 18.0, 1.4142135623730951, 1.0, 1.4142135623730951, 0, 0, 0, 0, 0, 0, 0, 0, 12, 6, 4, 1]
31 17
[1.0, 4.242640687119285, 4.0, 8.48528137423857, 17.0, 1.4142135623730951, 1.0, 1.4142135623730951, 0, 0, 0, 0, 0, 0, 0, 0, 12, 6, 4, 1]
31 19
[1.0, 1.4142135623730951, 31.0, 5.656854249492381, 1.0, 1.4142135623730951, 1.0, 1.4142135623730951, 0, 0, 0, 0, 0, 0, 0, 0, 12, 6, 4, 1]
30 18
[2.0, 2.8284271247461903, 30.0, 4.242640687119285, 18.0, 1.4142135623730951, 1.0, 1.4142135623730951, 0, 0, 0, 0, 0, 0, 0, 0, 12, 6, 4, 1]
30 17
[1.0, 4.242640687119285, 3.0, 16.97056274847714, 17.0, 1.4142135623730951, 1.0, 1.4142135623730951, 0, 0, 0, 0, 0, 0, 0, 0, 12, 6, 4, 1]
30 19
[1.0, 1.4142135623730951, 30.0, 4.242640687119285, 1.0, 1.4142135623730951, 1.0, 1.4142135623730951, 0, 0, 0, 0, 0, 0, 0, 0, 12, 6, 4, 1]
29 18
[2.0, 2.8284271247461903, 29.0, 2.8284271247461903, 18.0, 1.4142135623730951, 1.0, 1.4142135623730951, 0, 0, 0, 0, 0, 0, 0, 0, 12, 6, 4, 1]
29 17
[1.0, 4.242640687119285, 2.0, 2.8284271247461903, 17.0, 1.4142135623730951, 1.0, 1.4142135623730951, 0, 0, 0, 0, 0, 0, 0, 0, 12, 6, 4, 1]
29 19
[1.0, 1.4142135623730951, 29.0, 2.8284271247461903, 1.0, 1.4142135623730951, 1.0, 1.4142135623730951, 0, 0, 0, 0, 0, 0, 0, 0, 12, 6, 4, 1]
28 18
[2.0, 2.8284271247461903, 28.0, 1.4142135623730951, 18.0, 1.4142135623730951, 1.0, 1.4142135623730951, 0, 0, 0, 0, 0, 0, 0, 0, 12, 6, 4, 1]
28 17
[1.0, 4.242640687119285, 1.0, 1.4142135623730951, 17.0, 1.4142135623730951, 1.0, 1.4142135623730951, 0, 0, 0, 0, 0, 0, 0, 0, 12, 6, 4, 1]
28 19
[1.0, 1.4142135623730951, 28.0, 2.8284271247461903, 1.0, 1.4142135623730951, 1.0, 1.4142135623730951, 0, 0, 0, 0, 0, 0, 0, 0, 12, 6, 4, 1]
27 18
[2.0, 2.8284271247461903, 27.0, 1.4142135623730951, 1.0, 1.4142135623730951, 1.0, 1.4142135623730951, 0, 0, 0, 0, 0, 0, 0, 0, 12, 6, 4, 1]
28 16
[1.0, 1.4142135623730951, 1.0, 1.4142135623730951, 16.0, 1.4142135623730951, 1.0, 1.4142135623730951, 0, 0, 0, 0, 0, 0, 0, 0, 12, 6, 4, 1]
29 17
[1.0, 1.4142135623730951, 1.0, 2.8284271247461903, 17.0, 1.4142135623730951, 1.0, 1.4142135623730951, 0, 0, 0, 0, 0, 0, 0, 0, 12, 6, 4, 1]
29 16
[1.0, 1.4142135623730951, 2.0, 15.556349186104045, 16.0, 1.4142135623730951, 1.0, 1.4142135623730951, 0, 0, 0, 0, 0, 0, 0, 0, 12, 6, 4, 1]
30 17
[1.0, 1.4142135623730951, 1.0, 16.97056274847714, 17.0, 1.4142135623730951, 1.0, 1.4142135623730951, 0, 0, 0, 0, 0, 0, 0, 0, 12, 6, 4, 1]
29 18
[2.0, 2.8284271247461903, 1.0, 1.4142135623730951, 1.0, 1.4142135623730951, 1.0, 1.4142135623730951, 0, 0, 0, 0, 0, 0, 0, 0, 12, 6, 3, 0]
30 16
[1.0, 1.4142135623730951, 3.0, 7.0710678118654755, 16.0, 1.4142135623730951, 1.0, 1.4142135623730951, 0, 0, 0, 0, 0, 0, 0, 0, 12, 6, 4, 1]
31 17
[1.0, 1.4142135623730951, 1.0, 8.48528137423857, 17.0, 1.4142135623730951, 1.0, 1.4142135623730951, 0, 0, 0, 0, 0, 0, 0, 0, 12, 6, 4, 1]
30 18
[2.0, 2.8284271247461903, 1.0, 1.4142135623730951, 1.0, 1.4142135623730951, 1.0, 1.4142135623730951, 0, 0, 0, 0, 0, 0, 0, 0, 12, 6, 3, 0]
31 16
[1.0, 1.4142135623730951, 4.0, 7.0710678118654755, 16.0, 1.4142135623730951, 1.0, 1.4142135623730951, 0, 0, 0, 0, 0, 0, 0, 0, 12, 6, 4, 1]
32 17
[1.0, 1.4142135623730951, 1.0, 8.48528137423857, 17.0, 1.4142135623730951, 1.0, 1.4142135623730951, 0, 0, 0, 0, 0, 0, 0, 0, 12, 6, 4, 1]
31 18
[2.0, 2.8284271247461903, 1.0, 1.4142135623730951, 1.0, 1.4142135623730951, 1.0, 1.4142135623730951, 0, 0, 0, 0, 0, 0, 0, 0, 12, 6, 3, 0]
32 16
[1.0, 1.4142135623730951, 5.0, 7.0710678118654755, 16.0, 1.4142135623730951, 1.0, 1.4142135623730951, 0, 0, 0, 0, 0, 0, 0, 0, 12, 6, 4, 1]
33 17
[2.0, 1.4142135623730951, 1.0, 8.48528137423857, 17.0, 1.4142135623730951, 1.0, 1.4142135623730951, 0, 0, 0, 0, 0, 0, 0, 0, 12, 6, 4, 1]
32 18
[1.0, 2.8284271247461903, 1.0, 1.4142135623730951, 1.0, 1.4142135623730951, 1.0, 1.4142135623730951, 0, 0, 0, 0, 0, 0, 0, 0, 12, 6, 3, 0]
33 16
[1.0, 1.4142135623730951, 6.0, 8.48528137423857, 16.0, 1.4142135623730951, 1.0, 1.4142135623730951, 0, 0, 0, 0, 0, 0, 0, 0, 12, 6, 4, 1]
33 18
[1.0, 1.4142135623730951, 1.0, 1.4142135623730951, 1.0, 1.4142135623730951, 1.0, 1.4142135623730951, 0, 0, 0, 0, 0, 0, 0, 0, 12, 6, 4, 1]
33 15
[1.0, 2.8284271247461903, 6.0, 8.48528137423857, 15.0, 1.4142135623730951, 1.0, 1.4142135623730951, 0, 0, 0, 0, 0, 0, 0, 0, 12, 6, 4, 1]
32 16
[1.0, 1.4142135623730951, 5.0, 7.0710678118654755, 16.0, 1.4142135623730951, 1.0, 1.4142135623730951, 0, 0, 0, 0, 0, 0, 0, 0, 12, 6, 4, 1]
32 15
[1.0, 2.8284271247461903, 5.0, 7.0710678118654755, 15.0, 1.4142135623730951, 1.0, 1.4142135623730951, 0, 0, 0, 0, 0, 0, 0, 0, 12, 6, 4, 1]
32 17
[1.0, 1.4142135623730951, 1.0, 8.48528137423857, 1.0, 1.4142135623730951, 1.0, 1.4142135623730951, 0, 0, 0, 0, 0, 0, 0, 0, 12, 6, 3, 0]
31 16
[1.0, 1.4142135623730951, 4.0, 7.0710678118654755, 16.0, 1.4142135623730951, 1.0, 1.4142135623730951, 0, 0, 0, 0, 0, 0, 0, 0, 12, 6, 4, 1]
31 15
[1.0, 2.8284271247461903, 4.0, 5.656854249492381, 15.0, 1.4142135623730951, 1.0, 1.4142135623730951, 0, 0, 0, 0, 0, 0, 0, 0, 12, 6, 4, 1]
31 17
[1.0, 1.4142135623730951, 1.0, 8.48528137423857, 1.0, 1.4142135623730951, 1.0, 1.4142135623730951, 0, 0, 0, 0, 0, 0, 0, 0, 12, 6, 3, 0]
30 16
[1.0, 1.4142135623730951, 3.0, 7.0710678118654755, 16.0, 1.4142135623730951, 1.0, 1.4142135623730951, 0, 0, 0, 0, 0, 0, 0, 0, 12, 6, 4, 1]
30 15
[1.0, 2.8284271247461903, 3.0, 5.656854249492381, 15.0, 1.4142135623730951, 1.0, 1.4142135623730951, 0, 0, 0, 0, 0, 0, 0, 0, 12, 6, 4, 1]
30 17
[1.0, 1.4142135623730951, 1.0, 16.97056274847714, 1.0, 1.4142135623730951, 1.0, 1.4142135623730951, 0, 0, 0, 0, 0, 0, 0, 0, 12, 6, 3, 0]
29 16
[1.0, 1.4142135623730951, 2.0, 15.556349186104045, 16.0, 1.4142135623730951, 1.0, 1.4142135623730951, 0, 0, 0, 0, 0, 0, 0, 0, 12, 6, 4, 1]
29 15
[1.0, 2.8284271247461903, 2.0, 5.656854249492381, 15.0, 1.4142135623730951, 1.0, 1.4142135623730951, 0, 0, 0, 0, 0, 0, 0, 0, 12, 6, 4, 1]
29 17
[1.0, 1.4142135623730951, 1.0, 2.8284271247461903, 1.0, 1.4142135623730951, 1.0, 1.4142135623730951, 0, 0, 0, 0, 0, 0, 0, 0, 12, 6, 3, 0]
28 16
[1.0, 1.4142135623730951, 1.0, 1.4142135623730951, 16.0, 1.4142135623730951, 1.0, 1.4142135623730951, 0, 0, 0, 0, 0, 0, 0, 0, 12, 6, 4, 1]
29 14
[1.0, 2.8284271247461903, 29.0, 4.242640687119285, 14.0, 1.4142135623730951, 1.0, 1.4142135623730951, 0, 0, 0, 0, 0, 0, 0, 0, 12, 6, 4, 1]
30 15
[1.0, 1.4142135623730951, 1.0, 5.656854249492381, 15.0, 1.4142135623730951, 1.0, 1.4142135623730951, 0, 0, 0, 0, 0, 0, 0, 0, 12, 6, 4, 1]
28 15
[2.0, 1.4142135623730951, 1.0, 14.142135623730951, 15.0, 1.4142135623730951, 1.0, 1.4142135623730951, 0, 0, 0, 0, 0, 0, 0, 0, 12, 6, 4, 1]
29 13
[1.0, 2.8284271247461903, 29.0, 2.8284271247461903, 13.0, 1.4142135623730951, 1.0, 1.4142135623730951, 0, 0, 0, 0, 0, 0, 0, 0, 12, 6, 4, 1]
30 14
[2.0, 1.4142135623730951, 1.0, 4.242640687119285, 14.0, 1.4142135623730951, 1.0, 1.4142135623730951, 0, 0, 0, 0, 0, 0, 0, 0, 12, 6, 4, 1]
28 14
[3.0, 1.4142135623730951, 28.0, 4.242640687119285, 14.0, 1.4142135623730951, 1.0, 1.4142135623730951, 0, 0, 0, 0, 0, 0, 0, 0, 12, 6, 4, 1]
28 13
[1.0, 2.8284271247461903, 28.0, 2.8284271247461903, 13.0, 1.4142135623730951, 1.0, 1.4142135623730951, 0, 0, 0, 0, 0, 0, 0, 0, 12, 6, 4, 1]
28 15
[2.0, 1.4142135623730951, 1.0, 14.142135623730951, 1.0, 1.4142135623730951, 1.0, 1.4142135623730951, 0, 0, 0, 0, 0, 0, 0, 0, 12, 6, 4, 1]
27 14
[1.0, 1.4142135623730951, 27.0, 12.727922061357855, 3.0, 1.4142135623730951, 1.0, 1.4142135623730951, 0, 0, 0, 0, 0, 0, 0, 0, 12, 6, 4, 1]
28 12
[1.0, 4.242640687119285, 28.0, 1.4142135623730951, 12.0, 1.4142135623730951, 1.0, 1.4142135623730951, 0, 0, 0, 0, 0, 0, 0, 0, 12, 6, 4, 1]
29 13
[1.0, 1.4142135623730951, 1.0, 2.8284271247461903, 13.0, 1.4142135623730951, 1.0, 1.4142135623730951, 0, 0, 0, 0, 0, 0, 0, 0, 12, 6, 4, 1]
27 13
[2.0, 2.8284271247461903, 27.0, 2.8284271247461903, 2.0, 1.4142135623730951, 1.0, 1.4142135623730951, 0, 0, 0, 0, 0, 0, 0, 0, 12, 6, 4, 1]
28 11
[1.0, 12.727922061357855, 1.0, 1.4142135623730951, 11.0, 1.4142135623730951, 1.0, 1.4142135623730951, 0, 0, 0, 0, 0, 0, 0, 0, 12, 6, 4, 1]
29 12
[2.0, 1.4142135623730951, 1.0, 2.8284271247461903, 12.0, 1.4142135623730951, 1.0, 1.4142135623730951, 0, 0, 0, 0, 0, 0, 0, 0, 12, 6, 4, 1]
27 12
[3.0, 11.313708498984761, 27.0, 1.4142135623730951, 1.0, 1.4142135623730951, 1.0, 1.4142135623730951, 0, 0, 0, 0, 0, 0, 0, 0, 12, 6, 4, 1]
29 11
[1.0, 1.4142135623730951, 2.0, 2.8284271247461903, 11.0, 1.4142135623730951, 1.0, 1.4142135623730951, 0, 0, 0, 0, 0, 0, 0, 0, 12, 6, 4, 1]
30 12
[4.0, 2.8284271247461903, 1.0, 4.242640687119285, 12.0, 1.4142135623730951, 1.0, 1.4142135623730951, 0, 0, 0, 0, 0, 0, 0, 0, 12, 6, 4, 1]
29 13
[1.0, 1.4142135623730951, 1.0, 1.4142135623730951, 1.0, 1.4142135623730951, 1.0, 1.4142135623730951, 0, 0, 0, 0, 0, 0, 0, 0, 12, 6, 4, 1]
30 11
[1.0, 1.4142135623730951, 3.0, 15.556349186104045, 11.0, 1.4142135623730951, 1.0, 1.4142135623730951, 0, 0, 0, 0, 0, 0, 0, 0, 12, 6, 4, 1]
31 12
[4.0, 2.8284271247461903, 1.0, 16.97056274847714, 12.0, 1.4142135623730951, 1.0, 1.4142135623730951, 0, 0, 0, 0, 0, 0, 0, 0, 12, 6, 4, 1]
30 13
[3.0, 1.4142135623730951, 2.0, 1.4142135623730951, 1.0, 1.4142135623730951, 1.0, 1.4142135623730951, 0, 0, 0, 0, 0, 0, 0, 0, 12, 6, 4, 1]
31 11
[1.0, 1.4142135623730951, 4.0, 8.48528137423857, 11.0, 1.4142135623730951, 1.0, 1.4142135623730951, 0, 0, 0, 0, 0, 0, 0, 0, 12, 6, 4, 1]
32 12
[4.0, 4.242640687119285, 1.0, 9.899494936611665, 12.0, 1.4142135623730951, 1.0, 1.4142135623730951, 0, 0, 0, 0, 0, 0, 0, 0, 12, 6, 4, 1]
31 13
[3.0, 2.8284271247461903, 3.0, 1.4142135623730951, 1.0, 1.4142135623730951, 1.0, 1.4142135623730951, 0, 0, 0, 0, 0, 0, 0, 0, 12, 6, 4, 1]
32 11
[1.0, 1.4142135623730951, 5.0, 8.48528137423857, 11.0, 1.4142135623730951, 1.0, 1.4142135623730951, 0, 0, 0, 0, 0, 0, 0, 0, 12, 6, 4, 1]
33 12
[4.0, 5.656854249492381, 1.0, 9.899494936611665, 12.0, 1.4142135623730951, 1.0, 1.4142135623730951, 0, 0, 0, 0, 0, 0, 0, 0, 12, 6, 4, 1]
32 13
[3.0, 4.242640687119285, 4.0, 1.4142135623730951, 1.0, 1.4142135623730951, 1.0, 1.4142135623730951, 0, 0, 0, 0, 0, 0, 0, 0, 12, 6, 4, 1]
33 11
[1.0, 1.4142135623730951, 6.0, 8.48528137423857, 11.0, 1.4142135623730951, 1.0, 1.4142135623730951, 0, 0, 0, 0, 0, 0, 0, 0, 12, 6, 4, 1]
33 13
[3.0, 4.242640687119285, 5.0, 1.4142135623730951, 1.0, 1.4142135623730951, 1.0, 1.4142135623730951, 0, 0, 0, 0, 0, 0, 0, 0, 12, 6, 4, 1]
33 10
[1.0, 2.8284271247461903, 6.0, 8.48528137423857, 10.0, 1.4142135623730951, 1.0, 1.4142135623730951, 0, 0, 0, 0, 0, 0, 0, 0, 12, 6, 4, 1]
32 11
[1.0, 1.4142135623730951, 5.0, 8.48528137423857, 11.0, 1.4142135623730951, 1.0, 1.4142135623730951, 0, 0, 0, 0, 0, 0, 0, 0, 12, 6, 4, 1]
32 10
[1.0, 2.8284271247461903, 5.0, 7.0710678118654755, 10.0, 1.4142135623730951, 1.0, 1.4142135623730951, 0, 0, 0, 0, 0, 0, 0, 0, 12, 6, 4, 1]
32 12
[4.0, 4.242640687119285, 1.0, 9.899494936611665, 1.0, 1.4142135623730951, 1.0, 1.4142135623730951, 0, 0, 0, 0, 0, 0, 0, 0, 12, 6, 3, 0]
31 11
[1.0, 1.4142135623730951, 4.0, 8.48528137423857, 11.0, 1.4142135623730951, 1.0, 1.4142135623730951, 0, 0, 0, 0, 0, 0, 0, 0, 12, 6, 4, 1]
31 10
[1.0, 2.8284271247461903, 4.0, 7.0710678118654755, 10.0, 1.4142135623730951, 1.0, 1.4142135623730951, 0, 0, 0, 0, 0, 0, 0, 0, 12, 6, 4, 1]
31 12
[4.0, 2.8284271247461903, 1.0, 16.97056274847714, 1.0, 1.4142135623730951, 1.0, 1.4142135623730951, 0, 0, 0, 0, 0, 0, 0, 0, 12, 6, 3, 0]
30 11
[1.0, 1.4142135623730951, 3.0, 15.556349186104045, 11.0, 1.4142135623730951, 1.0, 1.4142135623730951, 0, 0, 0, 0, 0, 0, 0, 0, 12, 6, 4, 1]
30 10
[1.0, 2.8284271247461903, 3.0, 7.0710678118654755, 10.0, 1.4142135623730951, 1.0, 1.4142135623730951, 0, 0, 0, 0, 0, 0, 0, 0, 12, 6, 4, 1]
30 12
[4.0, 2.8284271247461903, 1.0, 4.242640687119285, 1.0, 1.4142135623730951, 1.0, 1.4142135623730951, 0, 0, 0, 0, 0, 0, 0, 0, 12, 6, 3, 0]
29 11
[1.0, 1.4142135623730951, 2.0, 2.8284271247461903, 11.0, 1.4142135623730951, 1.0, 1.4142135623730951, 0, 0, 0, 0, 0, 0, 0, 0, 12, 6, 4, 1]
30 9
[1.0, 15.556349186104045, 3.0, 5.656854249492381, 9.0, 1.4142135623730951, 1.0, 1.4142135623730951, 0, 0, 0, 0, 0, 0, 0, 0, 12, 6, 4, 1]
31 10
[1.0, 1.4142135623730951, 1.0, 7.0710678118654755, 10.0, 1.4142135623730951, 1.0, 1.4142135623730951, 0, 0, 0, 0, 0, 0, 0, 0, 12, 6, 4, 1]
29 10
[2.0, 14.142135623730951, 2.0, 14.142135623730951, 10.0, 1.4142135623730951, 1.0, 1.4142135623730951, 0, 0, 0, 0, 0, 0, 0, 0, 12, 6, 4, 1]
29 9
[1.0, 2.8284271247461903, 2.0, 5.656854249492381, 9.0, 1.4142135623730951, 1.0, 1.4142135623730951, 0, 0, 0, 0, 0, 0, 0, 0, 12, 6, 4, 1]
29 11
[1.0, 1.4142135623730951, 2.0, 2.8284271247461903, 1.0, 1.4142135623730951, 1.0, 1.4142135623730951, 0, 0, 0, 0, 0, 0, 0, 0, 12, 6, 4, 1]
28 10
[2.0, 1.4142135623730951, 1.0, 1.4142135623730951, 10.0, 1.4142135623730951, 1.0, 1.4142135623730951, 0, 0, 0, 0, 0, 0, 0, 0, 12, 6, 4, 1]
29 8
[1.0, 2.8284271247461903, 23.0, 4.242640687119285, 8.0, 1.4142135623730951, 1.0, 1.4142135623730951, 0, 0, 1, 0, 0, 0, 0, 0, 12, 6, 4, 1]
30 9
[1.0, 1.4142135623730951, 1.0, 5.656854249492381, 9.0, 1.4142135623730951, 1.0, 1.4142135623730951, 0, 0, 0, 0, 0, 0, 0, 0, 12, 6, 4, 1]
28 9
[3.0, 1.4142135623730951, 1.0, 12.727922061357855, 9.0, 1.4142135623730951, 1.0, 1.4142135623730951, 0, 0, 0, 0, 0, 0, 0, 0, 12, 6, 4, 1]
28 8
[1.0, 1.4142135623730951, 22.0, 4.242640687119285, 8.0, 1.4142135623730951, 1.0, 1.4142135623730951, 0, 0, 1, 0, 0, 0, 0, 0, 12, 6, 4, 1]
28 10
[2.0, 1.4142135623730951, 1.0, 1.4142135623730951, 1.0, 1.4142135623730951, 1.0, 1.4142135623730951, 0, 0, 0, 0, 0, 0, 0, 0, 12, 6, 4, 1]
28 7
[1.0, 2.8284271247461903, 22.0, 2.8284271247461903, 7.0, 1.4142135623730951, 1.0, 1.4142135623730951, 0, 0, 1, 0, 0, 0, 0, 0, 12, 6, 4, 1]
29 8
[1.0, 1.4142135623730951, 1.0, 4.242640687119285, 8.0, 1.4142135623730951, 1.0, 1.4142135623730951, 0, 0, 0, 0, 0, 0, 0, 0, 12, 6, 4, 1]
27 8
[1.0, 1.4142135623730951, 21.0, 11.313708498984761, 3.0, 1.4142135623730951, 1.0, 1.4142135623730951, 0, 0, 1, 0, 0, 0, 0, 0, 12, 6, 4, 1]
28 6
[1.0, 4.242640687119285, 26.0, 1.4142135623730951, 6.0, 1.4142135623730951, 1.0, 1.4142135623730951, 0, 0, 1, 0, 0, 0, 0, 0, 12, 6, 4, 1]
29 7
[2.0, 1.4142135623730951, 1.0, 2.8284271247461903, 7.0, 1.4142135623730951, 1.0, 1.4142135623730951, 0, 0, 0, 0, 0, 0, 0, 0, 12, 6, 4, 1]
27 7
[2.0, 2.8284271247461903, 21.0, 2.8284271247461903, 2.0, 1.4142135623730951, 1.0, 1.4142135623730951, 0, 0, 1, 0, 0, 0, 0, 0, 12, 6, 4, 1]
28 5
[1.0, 14.142135623730951, 1.0, 1.4142135623730951, 5.0, 1.4142135623730951, 1.0, 1.4142135623730951, 0, 0, 0, 0, 0, 0, 0, 0, 12, 6, 4, 1]
29 6
[3.0, 1.4142135623730951, 1.0, 2.8284271247461903, 6.0, 1.4142135623730951, 1.0, 1.4142135623730951, 0, 0, 0, 0, 0, 0, 0, 0, 12, 6, 4, 1]
27 6
[3.0, 12.727922061357855, 25.0, 1.4142135623730951, 1.0, 1.4142135623730951, 1.0, 1.4142135623730951, 0, 0, 1, 0, 0, 0, 0, 0, 12, 6, 4, 1]
29 5
[1.0, 1.4142135623730951, 2.0, 2.8284271247461903, 5.0, 1.4142135623730951, 1.0, 1.4142135623730951, 0, 0, 0, 0, 0, 0, 0, 0, 12, 6, 4, 1]
30 6
[4.0, 2.8284271247461903, 1.0, 4.242640687119285, 6.0, 1.4142135623730951, 1.0, 1.4142135623730951, 0, 0, 0, 0, 0, 0, 0, 0, 12, 6, 4, 1]
29 7
[2.0, 1.4142135623730951, 1.0, 1.4142135623730951, 1.0, 1.4142135623730951, 1.0, 1.4142135623730951, 0, 0, 0, 0, 0, 0, 0, 0, 12, 6, 4, 1]
30 5
[1.0, 1.4142135623730951, 3.0, 7.0710678118654755, 5.0, 1.4142135623730951, 1.0, 1.4142135623730951, 0, 0, 0, 0, 0, 0, 0, 0, 12, 6, 4, 1]
31 6
[5.0, 4.242640687119285, 1.0, 8.48528137423857, 6.0, 1.4142135623730951, 1.0, 1.4142135623730951, 0, 0, 0, 0, 0, 0, 0, 0, 12, 6, 4, 1]
30 7
[3.0, 2.8284271247461903, 2.0, 1.4142135623730951, 1.0, 1.4142135623730951, 1.0, 1.4142135623730951, 0, 0, 0, 0, 0, 0, 0, 0, 12, 6, 4, 1]
31 5
[1.0, 1.4142135623730951, 4.0, 7.0710678118654755, 5.0, 1.4142135623730951, 1.0, 1.4142135623730951, 0, 0, 0, 0, 0, 0, 0, 0, 12, 6, 4, 1]
32 6
[5.0, 4.242640687119285, 1.0, 8.48528137423857, 6.0, 1.4142135623730951, 1.0, 1.4142135623730951, 0, 0, 0, 0, 0, 0, 0, 0, 12, 6, 4, 1]
31 7
[4.0, 2.8284271247461903, 3.0, 1.4142135623730951, 1.0, 1.4142135623730951, 1.0, 1.4142135623730951, 0, 0, 0, 0, 0, 0, 0, 0, 12, 6, 4, 1]
32 5
[1.0, 1.4142135623730951, 5.0, 7.0710678118654755, 5.0, 1.4142135623730951, 1.0, 1.4142135623730951, 0, 0, 0, 0, 0, 0, 0, 0, 12, 6, 4, 2]
33 6
[5.0, 5.656854249492381, 1.0, 8.48528137423857, 6.0, 1.4142135623730951, 1.0, 1.4142135623730951, 0, 0, 0, 0, 0, 0, 0, 0, 12, 6, 4, 2]
32 7
[4.0, 4.242640687119285, 4.0, 1.4142135623730951, 1.0, 1.4142135623730951, 1.0, 1.4142135623730951, 0, 0, 0, 0, 0, 0, 0, 0, 12, 6, 4, 2]
33 5
[1.0, 1.4142135623730951, 6.0, 7.0710678118654755, 5.0, 1.4142135623730951, 1.0, 1.4142135623730951, 0, 0, 0, 0, 0, 0, 0, 0, 12, 6, 4, 3]
33 7
[4.0, 4.242640687119285, 5.0, 1.4142135623730951, 1.0, 1.4142135623730951, 1.0, 1.4142135623730951, 0, 0, 0, 0, 0, 0, 0, 0, 12, 6, 4, 3]
33 4
[1.0, 2.8284271247461903, 6.0, 5.656854249492381, 4.0, 1.4142135623730951, 1.0, 1.4142135623730951, 0, 0, 0, 0, 0, 0, 0, 0, 12, 6, 4, 3]
32 5
[1.0, 1.4142135623730951, 5.0, 7.0710678118654755, 5.0, 1.4142135623730951, 1.0, 1.4142135623730951, 0, 0, 0, 0, 0, 0, 0, 0, 12, 6, 4, 3]
32 4
[1.0, 2.8284271247461903, 5.0, 5.656854249492381, 4.0, 1.4142135623730951, 1.0, 1.4142135623730951, 0, 0, 0, 0, 0, 0, 0, 0, 12, 6, 4, 3]
32 6
[5.0, 4.242640687119285, 1.0, 8.48528137423857, 1.0, 1.4142135623730951, 1.0, 1.4142135623730951, 0, 0, 0, 0, 0, 0, 0, 0, 12, 6, 3, 2]
31 5
[1.0, 1.4142135623730951, 4.0, 7.0710678118654755, 5.0, 1.4142135623730951, 1.0, 1.4142135623730951, 0, 0, 0, 0, 0, 0, 0, 0, 12, 6, 4, 3]
31 4
[1.0, 2.8284271247461903, 4.0, 5.656854249492381, 4.0, 1.4142135623730951, 1.0, 1.4142135623730951, 0, 0, 0, 0, 0, 0, 0, 0, 12, 6, 4, 4]
31 6
[5.0, 4.242640687119285, 1.0, 8.48528137423857, 1.0, 1.4142135623730951, 1.0, 1.4142135623730951, 0, 0, 0, 0, 0, 0, 0, 0, 12, 6, 3, 3]
30 5
[1.0, 1.4142135623730951, 3.0, 7.0710678118654755, 5.0, 1.4142135623730951, 1.0, 1.4142135623730951, 0, 0, 0, 0, 0, 0, 0, 0, 12, 6, 4, 4]
30 4
[1.0, 2.8284271247461903, 3.0, 5.656854249492381, 4.0, 1.4142135623730951, 1.0, 1.4142135623730951, 0, 0, 0, 0, 0, 0, 0, 0, 12, 6, 4, 5]
30 6
[4.0, 2.8284271247461903, 1.0, 4.242640687119285, 1.0, 1.4142135623730951, 1.0, 1.4142135623730951, 0, 0, 0, 0, 0, 0, 0, 0, 12, 6, 3, 4]
29 5
[1.0, 1.4142135623730951, 2.0, 2.8284271247461903, 5.0, 1.4142135623730951, 1.0, 1.4142135623730951, 0, 0, 0, 0, 0, 0, 0, 0, 12, 6, 4, 5]
30 3
[1.0, 16.97056274847714, 3.0, 4.242640687119285, 3.0, 1.4142135623730951, 1.0, 1.4142135623730951, 0, 0, 0, 0, 0, 0, 0, 0, 12, 6, 4, 6]
31 4
[1.0, 1.4142135623730951, 1.0, 5.656854249492381, 4.0, 1.4142135623730951, 1.0, 1.4142135623730951, 0, 0, 0, 0, 0, 0, 0, 0, 12, 6, 4, 6]
29 4
[2.0, 15.556349186104045, 2.0, 5.656854249492381, 4.0, 1.4142135623730951, 1.0, 1.4142135623730951, 0, 0, 0, 0, 0, 0, 0, 0, 12, 6, 4, 6]
29 3
[1.0, 2.8284271247461903, 2.0, 4.242640687119285, 3.0, 1.4142135623730951, 1.0, 1.4142135623730951, 0, 0, 0, 0, 0, 0, 0, 0, 12, 6, 4, 7]
29 5
[1.0, 1.4142135623730951, 2.0, 2.8284271247461903, 1.0, 1.4142135623730951, 1.0, 1.4142135623730951, 0, 0, 0, 0, 0, 0, 0, 0, 12, 6, 4, 7]
28 4
[2.0, 1.4142135623730951, 1.0, 1.4142135623730951, 4.0, 1.4142135623730951, 1.0, 1.4142135623730951, 0, 0, 0, 0, 0, 0, 0, 0, 12, 6, 4, 7]
28 3
[1.0, 1.4142135623730951, 1.0, 4.242640687119285, 3.0, 1.4142135623730951, 1.0, 1.4142135623730951, 0, 0, 0, 0, 0, 0, 0, 0, 12, 6, 4, 7]
28 5
[1.0, 14.142135623730951, 1.0, 1.4142135623730951, 1.0, 1.4142135623730951, 1.0, 1.4142135623730951, 0, 0, 0, 0, 0, 0, 0, 0, 12, 6, 4, 7]
28 2
[1.0, 1.4142135623730951, 22.0, 2.8284271247461903, 2.0, 1.4142135623730951, 1.0, 1.4142135623730951, 0, 0, 1, 0, 0, 0, 0, 0, 12, 6, 4, 7]
29 3
[1.0, 1.4142135623730951, 1.0, 4.242640687119285, 3.0, 1.4142135623730951, 1.0, 1.4142135623730951, 0, 0, 0, 0, 0, 0, 0, 0, 12, 6, 4, 7]
28 1
[1.0, 2.8284271247461903, 22.0, 1.4142135623730951, 1.0, 1.4142135623730951, 1.0, 1.4142135623730951, 0, 0, 1, 0, 0, 0, 0, 0, 12, 6, 4, 8]
29 2
[2.0, 1.4142135623730951, 1.0, 2.8284271247461903, 2.0, 1.4142135623730951, 1.0, 1.4142135623730951, 0, 0, 0, 0, 0, 0, 0, 0, 12, 6, 4, 8]
27 2
[1.0, 1.4142135623730951, 21.0, 2.8284271247461903, 2.0, 1.4142135623730951, 1.0, 1.4142135623730951, 0, 0, 1, 0, 0, 0, 0, 0, 12, 6, 4, 8]
27 1
[1.0, 2.8284271247461903, 21.0, 1.4142135623730951, 1.0, 1.4142135623730951, 1.0, 1.4142135623730951, 0, 0, 1, 0, 0, 0, 0, 0, 12, 6, 4, 8]
26 2
[1.0, 1.4142135623730951, 20.0, 2.8284271247461903, 2.0, 1.4142135623730951, 1.0, 1.4142135623730951, 0, 0, 1, 0, 0, 0, 0, 0, 12, 6, 4, 8]
26 1
[1.0, 11.313708498984761, 20.0, 1.4142135623730951, 1.0, 1.4142135623730951, 1.0, 1.4142135623730951, 0, 0, 1, 0, 0, 0, 0, 0, 12, 6, 4, 8]
25 2
[1.0, 9.899494936611665, 19.0, 2.8284271247461903, 2.0, 1.4142135623730951, 1.0, 1.4142135623730951, 0, 0, 1, 0, 0, 0, 0, 0, 12, 6, 4, 8]
25 1
[1.0, 11.313708498984761, 19.0, 1.4142135623730951, 1.0, 1.4142135623730951, 1.0, 1.4142135623730951, 0, 0, 1, 0, 0, 0, 0, 0, 12, 6, 4, 8]
24 2
[18.0, 9.899494936611665, 18.0, 2.8284271247461903, 2.0, 1.4142135623730951, 1.0, 1.4142135623730951, 0, 0, 1, 0, 0, 0, 0, 0, 12, 6, 4, 8]
24 1
[1.0, 11.313708498984761, 18.0, 1.4142135623730951, 1.0, 1.4142135623730951, 1.0, 1.4142135623730951, 0, 0, 1, 0, 0, 0, 0, 0, 12, 6, 4, 8]
24 3
[17.0, 8.48528137423857, 6.0, 4.242640687119285, 1.0, 1.4142135623730951, 1.0, 1.4142135623730951, 0, 0, 0, 0, 0, 0, 0, 0, 12, 6, 4, 8]
23 2
[18.0, 9.899494936611665, 17.0, 2.8284271247461903, 2.0, 1.4142135623730951, 1.0, 1.4142135623730951, 0, 0, 1, 0, 0, 0, 0, 0, 12, 6, 4, 8]
23 1
[1.0, 19.79898987322333, 17.0, 1.4142135623730951, 1.0, 1.4142135623730951, 1.0, 1.4142135623730951, 0, 0, 1, 0, 0, 0, 0, 0, 12, 6, 4, 8]
23 3
[17.0, 8.48528137423857, 5.0, 4.242640687119285, 1.0, 1.4142135623730951, 1.0, 1.4142135623730951, 0, 0, 0, 0, 0, 0, 0, 0, 12, 6, 4, 8]
22 2
[18.0, 18.384776310850235, 16.0, 2.8284271247461903, 2.0, 1.4142135623730951, 1.0, 1.4142135623730951, 0, 0, 1, 0, 0, 0, 0, 0, 12, 6, 4, 8]
22 1
[1.0, 5.656854249492381, 16.0, 1.4142135623730951, 1.0, 1.4142135623730951, 1.0, 1.4142135623730951, 0, 0, 1, 0, 0, 0, 0, 0, 12, 6, 4, 8]
22 3
[17.0, 8.48528137423857, 4.0, 4.242640687119285, 1.0, 1.4142135623730951, 1.0, 1.4142135623730951, 0, 0, 0, 0, 0, 0, 0, 0, 12, 6, 4, 8]
21 2
[18.0, 4.242640687119285, 15.0, 2.8284271247461903, 2.0, 1.4142135623730951, 1.0, 1.4142135623730951, 0, 0, 1, 0, 0, 0, 0, 0, 12, 6, 4, 8]
21 1
[1.0, 4.242640687119285, 15.0, 1.4142135623730951, 1.0, 1.4142135623730951, 1.0, 1.4142135623730951, 0, 0, 1, 0, 0, 0, 0, 0, 12, 6, 4, 8]
21 3
[17.0, 16.97056274847714, 3.0, 4.242640687119285, 1.0, 1.4142135623730951, 1.0, 1.4142135623730951, 0, 0, 0, 0, 0, 0, 0, 0, 12, 6, 4, 8]
20 2
[18.0, 2.8284271247461903, 14.0, 2.8284271247461903, 2.0, 1.4142135623730951, 1.0, 1.4142135623730951, 0, 0, 1, 0, 0, 0, 0, 0, 12, 6, 4, 8]
20 1
[1.0, 2.8284271247461903, 14.0, 1.4142135623730951, 1.0, 1.4142135623730951, 1.0, 1.4142135623730951, 0, 0, 1, 0, 0, 0, 0, 0, 12, 6, 4, 8]
20 3
