Loading config from configs\gamecfg350.json
Loading neural network from nn\nn_350.pkl
Starting client
Connecting to host 'localhost' port 8150
Connected successfully
joined the game successfully
Side: Yellow
33 18
[1.0, 2.8284271247461903, 33.0, 9.899494936611665, 18.0, 1.4142135623730951, 1.0, 1.4142135623730951, 0, 0, 0, 0, 0, 0, 0, 0, 12, 6, 4, 1]
32 19
[1.0, 1.4142135623730951, 32.0, 19.79898987322333, 19.0, 1.4142135623730951, 1.0, 1.4142135623730951, 0, 0, 0, 0, 0, 0, 0, 0, 12, 6, 4, 1]
33 17
[1.0, 4.242640687119285, 6.0, 8.48528137423857, 17.0, 1.4142135623730951, 1.0, 1.4142135623730951, 0, 0, 0, 0, 0, 0, 0, 0, 12, 6, 4, 1]
32 18
[2.0, 2.8284271247461903, 32.0, 9.899494936611665, 18.0, 1.4142135623730951, 1.0, 1.4142135623730951, 0, 0, 0, 0, 0, 0, 0, 0, 12, 6, 4, 1]
33 16
[1.0, 5.656854249492381, 6.0, 8.48528137423857, 16.0, 1.4142135623730951, 1.0, 1.4142135623730951, 0, 0, 0, 0, 0, 0, 0, 0, 12, 6, 4, 1]
32 17
[3.0, 4.242640687119285, 5.0, 8.48528137423857, 17.0, 1.4142135623730951, 1.0, 1.4142135623730951, 0, 0, 0, 0, 0, 0, 0, 0, 12, 6, 4, 1]
32 16
[1.0, 5.656854249492381, 5.0, 7.0710678118654755, 16.0, 1.4142135623730951, 1.0, 1.4142135623730951, 0, 0, 0, 0, 0, 0, 0, 0, 12, 6, 4, 1]
32 18
[2.0, 2.8284271247461903, 32.0, 9.899494936611665, 1.0, 1.4142135623730951, 1.0, 1.4142135623730951, 0, 0, 0, 0, 0, 0, 0, 0, 12, 6, 4, 1]
31 17
[3.0, 4.242640687119285, 4.0, 8.48528137423857, 17.0, 1.4142135623730951, 1.0, 1.4142135623730951, 0, 0, 0, 0, 0, 0, 0, 0, 12, 6, 4, 1]
31 16
[1.0, 5.656854249492381, 4.0, 7.0710678118654755, 16.0, 1.4142135623730951, 1.0, 1.4142135623730951, 0, 0, 0, 0, 0, 0, 0, 0, 12, 6, 4, 1]
31 18
[2.0, 2.8284271247461903, 31.0, 18.384776310850235, 1.0, 1.4142135623730951, 1.0, 1.4142135623730951, 0, 0, 0, 0, 0, 0, 0, 0, 12, 6, 4, 1]
30 17
[3.0, 4.242640687119285, 3.0, 16.97056274847714, 17.0, 1.4142135623730951, 1.0, 1.4142135623730951, 0, 0, 0, 0, 0, 0, 0, 0, 12, 6, 4, 1]
30 16
[1.0, 5.656854249492381, 3.0, 7.0710678118654755, 16.0, 1.4142135623730951, 1.0, 1.4142135623730951, 0, 0, 0, 0, 0, 0, 0, 0, 12, 6, 4, 1]
30 18
[2.0, 2.8284271247461903, 30.0, 4.242640687119285, 1.0, 1.4142135623730951, 1.0, 1.4142135623730951, 0, 0, 0, 0, 0, 0, 0, 0, 12, 6, 4, 1]
29 17
[3.0, 4.242640687119285, 2.0, 2.8284271247461903, 17.0, 1.4142135623730951, 1.0, 1.4142135623730951, 0, 0, 0, 0, 0, 0, 0, 0, 12, 6, 4, 1]
30 15
[1.0, 7.0710678118654755, 3.0, 5.656854249492381, 15.0, 1.4142135623730951, 1.0, 1.4142135623730951, 0, 0, 0, 0, 0, 0, 0, 0, 12, 6, 4, 1]
31 16
[1.0, 1.4142135623730951, 1.0, 7.0710678118654755, 16.0, 1.4142135623730951, 1.0, 1.4142135623730951, 0, 0, 0, 0, 0, 0, 0, 0, 12, 6, 4, 1]
29 16
[4.0, 5.656854249492381, 2.0, 15.556349186104045, 16.0, 1.4142135623730951, 1.0, 1.4142135623730951, 0, 0, 0, 0, 0, 0, 0, 0, 12, 6, 4, 1]
29 15
[1.0, 2.8284271247461903, 2.0, 5.656854249492381, 15.0, 1.4142135623730951, 1.0, 1.4142135623730951, 0, 0, 0, 0, 0, 0, 0, 0, 12, 6, 4, 1]
29 17
[3.0, 4.242640687119285, 2.0, 2.8284271247461903, 1.0, 1.4142135623730951, 1.0, 1.4142135623730951, 0, 0, 0, 0, 0, 0, 0, 0, 12, 6, 4, 1]
28 16
[4.0, 1.4142135623730951, 1.0, 1.4142135623730951, 16.0, 1.4142135623730951, 1.0, 1.4142135623730951, 0, 0, 0, 0, 0, 0, 0, 0, 12, 6, 4, 1]
29 14
[1.0, 2.8284271247461903, 29.0, 4.242640687119285, 14.0, 1.4142135623730951, 1.0, 1.4142135623730951, 0, 0, 0, 0, 0, 0, 0, 0, 12, 6, 4, 1]
30 15
[1.0, 1.4142135623730951, 1.0, 5.656854249492381, 15.0, 1.4142135623730951, 1.0, 1.4142135623730951, 0, 0, 0, 0, 0, 0, 0, 0, 12, 6, 4, 1]
28 15
[5.0, 1.4142135623730951, 1.0, 14.142135623730951, 15.0, 1.4142135623730951, 1.0, 1.4142135623730951, 0, 0, 0, 0, 0, 0, 0, 0, 12, 6, 4, 1]
28 14
[1.0, 1.4142135623730951, 28.0, 4.242640687119285, 14.0, 1.4142135623730951, 1.0, 1.4142135623730951, 0, 0, 0, 0, 0, 0, 0, 0, 12, 6, 4, 1]
28 16
[4.0, 1.4142135623730951, 1.0, 1.4142135623730951, 1.0, 1.4142135623730951, 1.0, 1.4142135623730951, 0, 0, 0, 0, 0, 0, 0, 0, 12, 6, 4, 1]
28 13
[1.0, 2.8284271247461903, 28.0, 2.8284271247461903, 13.0, 1.4142135623730951, 1.0, 1.4142135623730951, 0, 0, 0, 0, 0, 0, 0, 0, 12, 6, 4, 1]
29 14
[1.0, 1.4142135623730951, 1.0, 4.242640687119285, 14.0, 1.4142135623730951, 1.0, 1.4142135623730951, 0, 0, 0, 0, 0, 0, 0, 0, 12, 6, 4, 1]
27 14
[1.0, 1.4142135623730951, 27.0, 12.727922061357855, 3.0, 1.4142135623730951, 1.0, 1.4142135623730951, 0, 0, 0, 0, 0, 0, 0, 0, 12, 6, 4, 1]
28 12
[1.0, 4.242640687119285, 28.0, 1.4142135623730951, 12.0, 1.4142135623730951, 1.0, 1.4142135623730951, 0, 0, 0, 0, 0, 0, 0, 0, 12, 6, 4, 1]
29 13
[2.0, 1.4142135623730951, 1.0, 2.8284271247461903, 13.0, 1.4142135623730951, 1.0, 1.4142135623730951, 0, 0, 0, 0, 0, 0, 0, 0, 12, 6, 4, 1]
27 13
[2.0, 2.8284271247461903, 27.0, 2.8284271247461903, 2.0, 1.4142135623730951, 1.0, 1.4142135623730951, 0, 0, 0, 0, 0, 0, 0, 0, 12, 6, 4, 1]
28 11
[1.0, 12.727922061357855, 1.0, 1.4142135623730951, 11.0, 1.4142135623730951, 1.0, 1.4142135623730951, 0, 0, 0, 0, 0, 0, 0, 0, 12, 6, 4, 1]
29 12
[3.0, 1.4142135623730951, 1.0, 2.8284271247461903, 12.0, 1.4142135623730951, 1.0, 1.4142135623730951, 0, 0, 0, 0, 0, 0, 0, 0, 12, 6, 4, 1]
27 12
[3.0, 11.313708498984761, 27.0, 1.4142135623730951, 1.0, 1.4142135623730951, 1.0, 1.4142135623730951, 0, 0, 0, 0, 0, 0, 0, 0, 12, 6, 4, 1]
28 10
[1.0, 1.4142135623730951, 1.0, 1.4142135623730951, 10.0, 1.4142135623730951, 1.0, 1.4142135623730951, 0, 0, 0, 0, 0, 0, 0, 0, 12, 6, 4, 1]
29 11
[4.0, 1.4142135623730951, 1.0, 2.8284271247461903, 11.0, 1.4142135623730951, 1.0, 1.4142135623730951, 0, 0, 0, 0, 0, 0, 0, 0, 12, 6, 4, 1]
28 9
[1.0, 1.4142135623730951, 1.0, 12.727922061357855, 9.0, 1.4142135623730951, 1.0, 1.4142135623730951, 0, 0, 0, 0, 0, 0, 0, 0, 12, 6, 4, 1]
29 10
[5.0, 1.4142135623730951, 1.0, 14.142135623730951, 10.0, 1.4142135623730951, 1.0, 1.4142135623730951, 0, 0, 0, 0, 0, 0, 0, 0, 12, 6, 4, 1]
28 8
[1.0, 1.4142135623730951, 28.0, 4.242640687119285, 8.0, 1.4142135623730951, 1.0, 1.4142135623730951, 0, 0, 0, 0, 0, 0, 0, 0, 12, 6, 4, 1]
29 9
[6.0, 1.4142135623730951, 1.0, 5.656854249492381, 9.0, 1.4142135623730951, 1.0, 1.4142135623730951, 0, 0, 0, 0, 0, 0, 0, 0, 12, 6, 4, 1]
28 7
[1.0, 2.8284271247461903, 28.0, 2.8284271247461903, 7.0, 1.4142135623730951, 1.0, 1.4142135623730951, 0, 0, 0, 0, 0, 0, 0, 0, 12, 6, 4, 1]
29 8
[7.0, 1.4142135623730951, 1.0, 4.242640687119285, 8.0, 1.4142135623730951, 1.0, 1.4142135623730951, 0, 0, 0, 0, 0, 0, 0, 0, 12, 6, 4, 1]
27 8
[1.0, 1.4142135623730951, 27.0, 11.313708498984761, 3.0, 1.4142135623730951, 1.0, 1.4142135623730951, 0, 0, 0, 0, 0, 0, 0, 0, 12, 6, 4, 1]
28 6
[1.0, 4.242640687119285, 28.0, 1.4142135623730951, 6.0, 1.4142135623730951, 1.0, 1.4142135623730951, 0, 0, 0, 0, 0, 0, 0, 0, 12, 6, 4, 1]
29 7
[8.0, 1.4142135623730951, 1.0, 2.8284271247461903, 7.0, 1.4142135623730951, 1.0, 1.4142135623730951, 0, 0, 0, 0, 0, 0, 0, 0, 12, 6, 4, 1]
27 7
[2.0, 2.8284271247461903, 27.0, 2.8284271247461903, 2.0, 1.4142135623730951, 1.0, 1.4142135623730951, 0, 0, 0, 0, 0, 0, 0, 0, 12, 6, 4, 1]
28 5
[1.0, 14.142135623730951, 1.0, 1.4142135623730951, 5.0, 1.4142135623730951, 1.0, 1.4142135623730951, 0, 0, 0, 0, 0, 0, 0, 0, 12, 6, 4, 1]
29 6
[9.0, 1.4142135623730951, 1.0, 2.8284271247461903, 6.0, 1.4142135623730951, 1.0, 1.4142135623730951, 0, 0, 0, 0, 0, 0, 0, 0, 12, 6, 4, 1]
27 6
[3.0, 12.727922061357855, 27.0, 1.4142135623730951, 1.0, 1.4142135623730951, 1.0, 1.4142135623730951, 0, 0, 0, 0, 0, 0, 0, 0, 12, 6, 4, 1]
28 4
[1.0, 1.4142135623730951, 1.0, 1.4142135623730951, 4.0, 1.4142135623730951, 1.0, 1.4142135623730951, 0, 0, 0, 0, 0, 0, 0, 0, 12, 6, 4, 1]
29 5
[10.0, 1.4142135623730951, 1.0, 2.8284271247461903, 5.0, 1.4142135623730951, 1.0, 1.4142135623730951, 0, 0, 0, 0, 0, 0, 0, 0, 12, 6, 4, 1]
28 3
[1.0, 1.4142135623730951, 1.0, 4.242640687119285, 3.0, 1.4142135623730951, 1.0, 1.4142135623730951, 0, 0, 0, 0, 0, 0, 0, 0, 12, 6, 4, 1]
29 4
[11.0, 1.4142135623730951, 1.0, 5.656854249492381, 4.0, 1.4142135623730951, 1.0, 1.4142135623730951, 0, 0, 0, 0, 0, 0, 0, 0, 12, 6, 4, 1]
28 2
[1.0, 1.4142135623730951, 11.0, 2.8284271247461903, 2.0, 1.4142135623730951, 1.0, 1.4142135623730951, 0, 0, 1, 0, 0, 0, 0, 0, 12, 6, 4, 1]
29 3
[12.0, 1.4142135623730951, 1.0, 4.242640687119285, 3.0, 1.4142135623730951, 1.0, 1.4142135623730951, 0, 0, 0, 0, 0, 0, 0, 0, 12, 6, 4, 1]
28 1
[1.0, 2.8284271247461903, 10.0, 1.4142135623730951, 1.0, 1.4142135623730951, 1.0, 1.4142135623730951, 0, 0, 1, 0, 0, 0, 0, 0, 12, 6, 4, 1]
29 2
[13.0, 1.4142135623730951, 1.0, 2.8284271247461903, 2.0, 1.4142135623730951, 1.0, 1.4142135623730951, 0, 0, 0, 0, 0, 0, 0, 0, 12, 6, 4, 1]
27 2
[1.0, 1.4142135623730951, 10.0, 2.8284271247461903, 2.0, 1.4142135623730951, 1.0, 1.4142135623730951, 0, 0, 1, 0, 0, 0, 0, 0, 12, 6, 4, 1]
29 1
[14.0, 1.4142135623730951, 1.0, 1.4142135623730951, 1.0, 1.4142135623730951, 1.0, 1.4142135623730951, 0, 0, 0, 0, 0, 0, 0, 0, 12, 6, 4, 1]
27 1
[2.0, 2.8284271247461903, 8.0, 1.4142135623730951, 1.0, 1.4142135623730951, 1.0, 1.4142135623730951, 0, 0, 1, 0, 0, 0, 0, 0, 12, 6, 4, 1]
30 1
[15.0, 2.8284271247461903, 1.0, 1.4142135623730951, 1.0, 1.4142135623730951, 1.0, 1.4142135623730951, 0, 0, 0, 0, 0, 0, 0, 0, 12, 6, 4, 1]
29 2
[13.0, 1.4142135623730951, 1.0, 1.4142135623730951, 1.0, 1.4142135623730951, 1.0, 1.4142135623730951, 0, 0, 0, 0, 0, 0, 0, 0, 12, 6, 4, 1]
31 1
[16.0, 4.242640687119285, 1.0, 1.4142135623730951, 1.0, 1.4142135623730951, 1.0, 1.4142135623730951, 0, 0, 0, 0, 0, 0, 0, 0, 12, 6, 4, 1]
30 2
[14.0, 2.8284271247461903, 2.0, 1.4142135623730951, 1.0, 1.4142135623730951, 1.0, 1.4142135623730951, 0, 0, 0, 0, 0, 0, 0, 0, 12, 6, 4, 1]
32 1
[16.0, 5.656854249492381, 1.0, 1.4142135623730951, 1.0, 1.4142135623730951, 1.0, 1.4142135623730951, 0, 0, 0, 0, 0, 0, 0, 0, 12, 6, 4, 1]
31 2
[15.0, 4.242640687119285, 3.0, 1.4142135623730951, 1.0, 1.4142135623730951, 1.0, 1.4142135623730951, 0, 0, 0, 0, 0, 0, 0, 0, 12, 6, 4, 1]
33 1
[16.0, 7.0710678118654755, 1.0, 1.4142135623730951, 1.0, 1.4142135623730951, 1.0, 1.4142135623730951, 0, 0, 0, 0, 0, 0, 0, 0, 12, 6, 4, 1]
32 2
[15.0, 5.656854249492381, 4.0, 1.4142135623730951, 1.0, 1.4142135623730951, 1.0, 1.4142135623730951, 0, 0, 0, 0, 0, 0, 0, 0, 12, 6, 4, 1]
33 2
[15.0, 7.0710678118654755, 5.0, 1.4142135623730951, 1.0, 1.4142135623730951, 1.0, 1.4142135623730951, 0, 0, 0, 0, 0, 0, 0, 0, 12, 6, 4, 1]
33 3
[14.0, 7.0710678118654755, 5.0, 2.8284271247461903, 1.0, 1.4142135623730951, 1.0, 1.4142135623730951, 0, 0, 0, 0, 0, 0, 0, 0, 12, 6, 4, 1]
32 2
[15.0, 5.656854249492381, 4.0, 1.4142135623730951, 1.0, 1.4142135623730951, 1.0, 1.4142135623730951, 0, 0, 0, 0, 0, 0, 0, 0, 12, 6, 4, 1]
33 4
[13.0, 7.0710678118654755, 5.0, 4.242640687119285, 1.0, 1.4142135623730951, 1.0, 1.4142135623730951, 0, 0, 0, 0, 0, 0, 0, 0, 12, 6, 4, 1]
32 3
[14.0, 5.656854249492381, 4.0, 2.8284271247461903, 2.0, 1.4142135623730951, 1.0, 1.4142135623730951, 0, 0, 0, 0, 0, 0, 0, 0, 12, 6, 4, 1]
33 5
[12.0, 7.0710678118654755, 5.0, 5.656854249492381, 1.0, 1.4142135623730951, 1.0, 1.4142135623730951, 0, 0, 0, 0, 0, 0, 0, 0, 12, 6, 4, 1]
32 4
[13.0, 5.656854249492381, 4.0, 4.242640687119285, 3.0, 1.4142135623730951, 1.0, 1.4142135623730951, 0, 0, 0, 0, 0, 0, 0, 0, 12, 6, 4, 1]
33 6
[11.0, 7.0710678118654755, 5.0, 7.0710678118654755, 1.0, 1.4142135623730951, 1.0, 1.4142135623730951, 0, 0, 0, 0, 0, 0, 0, 0, 12, 6, 4, 1]
32 5
[12.0, 5.656854249492381, 4.0, 5.656854249492381, 4.0, 1.4142135623730951, 1.0, 1.4142135623730951, 0, 0, 0, 0, 0, 0, 0, 0, 12, 6, 4, 1]
32 4
[1.0, 5.656854249492381, 4.0, 4.242640687119285, 3.0, 1.4142135623730951, 1.0, 1.4142135623730951, 0, 0, 0, 0, 0, 0, 0, 0, 12, 6, 4, 0]
32 6
[11.0, 5.656854249492381, 4.0, 5.656854249492381, 1.0, 1.4142135623730951, 1.0, 1.4142135623730951, 0, 0, 0, 0, 0, 0, 0, 0, 12, 6, 4, 0]
31 5
[12.0, 4.242640687119285, 3.0, 4.242640687119285, 4.0, 1.4142135623730951, 1.0, 1.4142135623730951, 0, 0, 0, 0, 0, 0, 0, 0, 12, 6, 4, 0]
31 4
[1.0, 4.242640687119285, 3.0, 4.242640687119285, 3.0, 1.4142135623730951, 1.0, 1.4142135623730951, 0, 0, 0, 1, 0, 0, 0, 0, 12, 6, 4, -1]
31 6
[11.0, 4.242640687119285, 3.0, 4.242640687119285, 1.0, 1.4142135623730951, 1.0, 1.4142135623730951, 0, 0, 0, 0, 0, 0, 0, 0, 12, 6, 4, -1]
30 5
[11.0, 2.8284271247461903, 2.0, 2.8284271247461903, 4.0, 1.4142135623730951, 1.0, 1.4142135623730951, 0, 0, 0, 0, 0, 0, 0, 0, 12, 6, 4, -1]
31 3
[1.0, 4.242640687119285, 3.0, 2.8284271247461903, 2.0, 1.4142135623730951, 1.0, 1.4142135623730951, 0, 0, 0, 1, 0, 0, 0, 0, 12, 6, 4, -2]
32 4
[1.0, 1.4142135623730951, 1.0, 4.242640687119285, 3.0, 1.4142135623730951, 1.0, 1.4142135623730951, 0, 0, 0, 1, 0, 0, 0, 0, 12, 6, 4, -2]
30 4
[12.0, 2.8284271247461903, 2.0, 2.8284271247461903, 4.0, 1.4142135623730951, 1.0, 1.4142135623730951, 0, 0, 0, 0, 0, 0, 0, 0, 12, 6, 4, -2]
30 3
[1.0, 2.8284271247461903, 2.0, 2.8284271247461903, 2.0, 1.4142135623730951, 1.0, 1.4142135623730951, 0, 0, 0, 1, 1, 0, 0, 0, 12, 6, 4, -3]
30 5
[11.0, 2.8284271247461903, 2.0, 2.8284271247461903, 1.0, 1.4142135623730951, 1.0, 1.4142135623730951, 0, 0, 0, 0, 0, 0, 0, 0, 12, 6, 4, -3]
29 4
[11.0, 1.4142135623730951, 1.0, 1.4142135623730951, 3.0, 1.4142135623730951, 1.0, 1.4142135623730951, 0, 0, 0, 0, 1, 0, 0, 0, 12, 6, 4, -3]
30 2
[1.0, 2.8284271247461903, 2.0, 1.4142135623730951, 1.0, 1.4142135623730951, 1.0, 1.4142135623730951, 0, 0, 0, 1, 1, 1, 0, 0, 12, 6, 4, -3]
31 3
[1.0, 1.4142135623730951, 1.0, 2.8284271247461903, 2.0, 1.4142135623730951, 1.0, 1.4142135623730951, 0, 0, 0, 1, 1, 0, 0, 0, 12, 6, 4, -3]
29 3
[12.0, 1.4142135623730951, 1.0, 1.4142135623730951, 2.0, 1.4142135623730951, 1.0, 1.4142135623730951, 0, 0, 0, 0, 1, 0, 0, 0, 12, 6, 4, -3]
30 1
[1.0, 2.8284271247461903, 1.0, 1.4142135623730951, 1.0, 1.4142135623730951, 1.0, 1.4142135623730951, 0, 0, 1, 0, 0, 0, 1, 1, 12, 6, 3, -2]
31 2
[2.0, 1.4142135623730951, 1.0, 1.4142135623730951, 1.0, 1.4142135623730951, 1.0, 1.4142135623730951, 0, 0, 0, 1, 1, 0, 0, 0, 12, 6, 3, -2]
29 2
[13.0, 1.4142135623730951, 1.0, 1.4142135623730951, 1.0, 1.4142135623730951, 1.0, 1.4142135623730951, 0, 0, 0, 1, 1, 1, 0, 0, 12, 6, 4, -3]
31 1
[1.0, 1.4142135623730951, 1.0, 1.4142135623730951, 1.0, 1.4142135623730951, 1.0, 1.4142135623730951, 1, 0, 0, 0, 0, 0, 0, 0, 11, 6, 3, -2]
29 1
[14.0, 1.4142135623730951, 1.0, 1.4142135623730951, 1.0, 1.4142135623730951, 1.0, 1.4142135623730951, 0, 0, 1, 0, 0, 0, 0, 0, 11, 6, 3, -2]
32 1
[4.0, 1.4142135623730951, 1.0, 1.4142135623730951, 1.0, 1.4142135623730951, 1.0, 1.4142135623730951, 0, 1, 0, 0, 0, 0, 0, 0, 10, 5, 3, -3]
31 2
[1.0, 1.4142135623730951, 1.0, 1.4142135623730951, 1.0, 1.4142135623730951, 1.0, 1.4142135623730951, 1, 0, 0, 0, 0, 0, 0, 0, 10, 5, 3, -1]
33 1
[1.0, 2.8284271247461903, 1.0, 1.4142135623730951, 1.0, 1.4142135623730951, 1.0, 1.4142135623730951, 0, 1, 0, 0, 0, 0, 0, 0, 9, 4, 3, -4]
32 2
[2.0, 1.4142135623730951, 1.0, 1.4142135623730951, 1.0, 1.4142135623730951, 1.0, 1.4142135623730951, 1, 1, 1, 0, 0, 0, 0, 0, 9, 4, 4, -3]
33 2
[1.0, 1.4142135623730951, 2.0, 1.4142135623730951, 1.0, 1.4142135623730951, 1.0, 1.4142135623730951, 0, 1, 1, 0, 0, 0, 0, 0, 8, 3, 3, -5]
33 3
[1.0, 1.4142135623730951, 1.0, 1.4142135623730951, 1.0, 1.4142135623730951, 1.0, 1.4142135623730951, 0, 1, 1, 1, 0, 0, 0, 0, 7, 2, 3, -7]
32 2
[1.0, 1.4142135623730951, 1.0, 1.4142135623730951, 2.0, 1.4142135623730951, 1.0, 1.4142135623730951, 1, 1, 1, 0, 0, 0, 0, 0, 7, 2, 3, -5]
32 1
[1.0, 1.4142135623730951, 1.0, 1.4142135623730951, 1.0, 1.4142135623730951, 1.0, 1.4142135623730951, 0, 1, 0, 0, 0, 0, 0, 0, 6, 1, 3, -5]
32 3
[1.0, 1.4142135623730951, 1.0, 1.4142135623730951, 1.0, 1.4142135623730951, 1.0, 1.4142135623730951, 1, 1, 1, 1, 0, 0, 0, 0, 6, 1, 3, -5]
31 2
[1.0, 1.4142135623730951, 1.0, 1.4142135623730951, 1.0, 1.4142135623730951, 1.0, 1.4142135623730951, 1, 0, 0, 0, 0, 1, 0, 1, 6, 1, 3, -5]
31 1
[1.0, 1.4142135623730951, 1.0, 1.4142135623730951, 1.0, 1.4142135623730951, 1.0, 1.4142135623730951, 0, 0, 0, 0, 0, 0, 1, 0, 12, 6, 2, -7]
31 3
[1.0, 1.4142135623730951, 1.0, 1.4142135623730951, 1.0, 1.4142135623730951, 1.0, 1.4142135623730951, 1, 0, 0, 0, 0, 0, 1, 1, 12, 6, 2, -5]
30 2
[1.0, 2.8284271247461903, 2.0, 1.4142135623730951, 1.0, 1.4142135623730951, 1.0, 1.4142135623730951, 0, 0, 0, 1, 0, 0, 0, 1, 12, 6, 2, -7]
32 1
[1.0, 1.4142135623730951, 1.0, 1.4142135623730951, 1.0, 1.4142135623730951, 1.0, 1.4142135623730951, 0, 0, 0, 0, 0, 0, 1, 1, 12, 6, 1, -7]
30 1
[1.0, 2.8284271247461903, 1.0, 1.4142135623730951, 1.0, 1.4142135623730951, 1.0, 1.4142135623730951, 0, 0, 1, 0, 0, 0, 0, 0, 12, 6, 1, -9]
30 2
[1.0, 2.8284271247461903, 2.0, 1.4142135623730951, 1.0, 1.4142135623730951, 1.0, 1.4142135623730951, 0, 0, 0, 1, 0, 0, 0, 1, 12, 6, 1, -51]
29 1
[14.0, 1.4142135623730951, 1.0, 1.4142135623730951, 1.0, 1.4142135623730951, 1.0, 1.4142135623730951, 0, 0, 1, 0, 0, 0, 0, 0, 12, 6, 1, -69]
29 2
[13.0, 1.4142135623730951, 1.0, 1.4142135623730951, 1.0, 1.4142135623730951, 1.0, 1.4142135623730951, 0, 0, 0, 1, 0, 0, 0, 0, 12, 6, 0, -71]
28 1
[1.0, 2.8284271247461903, 1.0, 1.4142135623730951, 1.0, 1.4142135623730951, 1.0, 1.4142135623730951, 0, 0, 1, 0, 0, 0, 0, 0, 12, 6, 0, -130]
Winner side: Blue
Details:
  Scores:
    Blue -> 44
    Yellow -> -28
