Loading config from configs\gamecfg59.json
Loading neural network from nn\nn_59.pkl
Starting client
Connecting to host 'localhost' port 8059
Connected successfully
joined the game successfully
Side: Blue
2 1
[19.0, 2.8284271247461903, 1.0, 1.4142135623730951, 1.0, 1.4142135623730951, 19.0, 19.79898987322333, 0, 0, 0, 0, 0, 0, 0, 0, 12, 6, 4, 1]
1 2
[18.0, 1.4142135623730951, 1.0, 1.4142135623730951, 1.0, 2.8284271247461903, 20.0, 9.899494936611665, 0, 0, 0, 0, 0, 0, 0, 0, 12, 6, 4, 1]
2 2
[18.0, 2.8284271247461903, 1.0, 1.4142135623730951, 2.0, 2.8284271247461903, 19.0, 9.899494936611665, 0, 0, 0, 0, 0, 0, 0, 0, 12, 6, 4, 1]
1 3
[17.0, 1.4142135623730951, 1.0, 1.4142135623730951, 1.0, 4.242640687119285, 6.0, 8.48528137423857, 0, 0, 0, 0, 0, 0, 0, 0, 12, 6, 4, 1]
2 1
[1.0, 1.4142135623730951, 1.0, 1.4142135623730951, 1.0, 1.4142135623730951, 19.0, 19.79898987322333, 0, 0, 0, 0, 0, 0, 0, 0, 12, 6, 4, 1]
3 2
[18.0, 4.242640687119285, 1.0, 2.8284271247461903, 2.0, 2.8284271247461903, 18.0, 18.384776310850235, 0, 0, 0, 0, 0, 0, 0, 0, 12, 6, 4, 1]
2 3
[17.0, 2.8284271247461903, 2.0, 1.4142135623730951, 1.0, 4.242640687119285, 5.0, 8.48528137423857, 0, 0, 0, 0, 0, 0, 0, 0, 12, 6, 4, 1]
3 1
[1.0, 1.4142135623730951, 2.0, 1.4142135623730951, 1.0, 1.4142135623730951, 18.0, 5.656854249492381, 0, 0, 0, 0, 0, 0, 0, 0, 12, 6, 4, 1]
4 2
[18.0, 5.656854249492381, 1.0, 2.8284271247461903, 2.0, 2.8284271247461903, 17.0, 4.242640687119285, 0, 0, 0, 0, 0, 0, 0, 0, 12, 6, 4, 1]
3 3
[17.0, 4.242640687119285, 3.0, 1.4142135623730951, 1.0, 4.242640687119285, 4.0, 8.48528137423857, 0, 0, 0, 0, 0, 0, 0, 0, 12, 6, 4, 1]
4 1
[1.0, 1.4142135623730951, 3.0, 1.4142135623730951, 1.0, 1.4142135623730951, 17.0, 4.242640687119285, 0, 0, 0, 0, 0, 0, 0, 0, 12, 6, 4, 1]
5 2
[18.0, 7.0710678118654755, 1.0, 2.8284271247461903, 2.0, 2.8284271247461903, 16.0, 2.8284271247461903, 0, 0, 0, 0, 0, 0, 0, 0, 12, 6, 4, 1]
4 3
[17.0, 5.656854249492381, 4.0, 1.4142135623730951, 1.0, 4.242640687119285, 3.0, 16.97056274847714, 0, 0, 0, 0, 0, 0, 0, 0, 12, 6, 4, 1]
5 1
[1.0, 1.4142135623730951, 4.0, 1.4142135623730951, 1.0, 1.4142135623730951, 16.0, 2.8284271247461903, 0, 0, 0, 0, 0, 0, 0, 0, 12, 6, 4, 1]
6 2
[18.0, 8.48528137423857, 1.0, 2.8284271247461903, 2.0, 2.8284271247461903, 15.0, 1.4142135623730951, 0, 0, 0, 0, 0, 0, 0, 0, 12, 6, 4, 1]
5 3
[17.0, 7.0710678118654755, 5.0, 1.4142135623730951, 1.0, 4.242640687119285, 2.0, 2.8284271247461903, 0, 0, 0, 0, 0, 0, 0, 0, 12, 6, 4, 1]
6 1
[1.0, 1.4142135623730951, 5.0, 1.4142135623730951, 1.0, 1.4142135623730951, 15.0, 2.8284271247461903, 0, 0, 0, 0, 0, 0, 0, 0, 12, 6, 4, 1]
7 2
[1.0, 9.899494936611665, 1.0, 2.8284271247461903, 2.0, 2.8284271247461903, 14.0, 1.4142135623730951, 0, 0, 0, 0, 0, 0, 0, 0, 12, 6, 4, 1]
6 3
[17.0, 8.48528137423857, 6.0, 1.4142135623730951, 1.0, 4.242640687119285, 1.0, 1.4142135623730951, 0, 0, 0, 0, 0, 0, 0, 0, 12, 6, 4, 1]
7 1
[1.0, 1.4142135623730951, 6.0, 1.4142135623730951, 1.0, 1.4142135623730951, 14.0, 2.8284271247461903, 0, 0, 0, 0, 0, 0, 0, 0, 12, 6, 4, 1]
8 2
[1.0, 1.4142135623730951, 1.0, 2.8284271247461903, 2.0, 2.8284271247461903, 13.0, 1.4142135623730951, 0, 0, 0, 0, 0, 0, 0, 0, 12, 6, 4, 1]
8 1
[1.0, 1.4142135623730951, 7.0, 1.4142135623730951, 1.0, 1.4142135623730951, 13.0, 11.313708498984761, 0, 0, 0, 0, 0, 0, 0, 0, 12, 6, 4, 1]
9 2
[1.0, 1.4142135623730951, 1.0, 2.8284271247461903, 2.0, 2.8284271247461903, 12.0, 9.899494936611665, 0, 0, 0, 0, 0, 0, 0, 0, 12, 6, 4, 1]
9 1
[1.0, 1.4142135623730951, 8.0, 1.4142135623730951, 1.0, 1.4142135623730951, 12.0, 11.313708498984761, 0, 0, 0, 0, 0, 0, 0, 0, 12, 6, 4, 1]
10 2
[18.0, 1.4142135623730951, 1.0, 2.8284271247461903, 2.0, 2.8284271247461903, 11.0, 9.899494936611665, 0, 0, 0, 0, 0, 0, 0, 0, 12, 6, 4, 1]
10 1
[1.0, 1.4142135623730951, 9.0, 1.4142135623730951, 1.0, 1.4142135623730951, 11.0, 11.313708498984761, 0, 0, 0, 0, 0, 0, 0, 0, 12, 6, 4, 1]
11 2
[18.0, 2.8284271247461903, 1.0, 2.8284271247461903, 2.0, 2.8284271247461903, 10.0, 9.899494936611665, 0, 0, 0, 0, 0, 0, 0, 0, 12, 6, 4, 1]
10 3
[17.0, 1.4142135623730951, 1.0, 1.4142135623730951, 1.0, 4.242640687119285, 6.0, 8.48528137423857, 0, 0, 0, 0, 0, 0, 0, 0, 12, 6, 4, 1]
11 1
[1.0, 1.4142135623730951, 10.0, 1.4142135623730951, 1.0, 1.4142135623730951, 10.0, 14.142135623730951, 0, 0, 0, 0, 0, 0, 0, 0, 12, 6, 4, 1]
12 2
[18.0, 4.242640687119285, 1.0, 2.8284271247461903, 2.0, 2.8284271247461903, 9.0, 12.727922061357855, 0, 0, 0, 0, 0, 0, 0, 0, 12, 6, 4, 1]
11 3
[17.0, 2.8284271247461903, 2.0, 1.4142135623730951, 1.0, 4.242640687119285, 5.0, 8.48528137423857, 0, 0, 0, 0, 0, 0, 0, 0, 12, 6, 4, 1]
12 1
[1.0, 1.4142135623730951, 11.0, 1.4142135623730951, 1.0, 1.4142135623730951, 9.0, 5.656854249492381, 0, 0, 0, 0, 0, 0, 0, 0, 12, 6, 4, 1]
13 2
[18.0, 18.384776310850235, 1.0, 2.8284271247461903, 2.0, 2.8284271247461903, 8.0, 4.242640687119285, 0, 0, 0, 0, 0, 0, 0, 0, 12, 6, 4, 1]
12 3
[17.0, 16.97056274847714, 3.0, 1.4142135623730951, 1.0, 4.242640687119285, 4.0, 8.48528137423857, 0, 0, 0, 0, 0, 0, 0, 0, 12, 6, 4, 1]
13 1
[1.0, 1.4142135623730951, 12.0, 1.4142135623730951, 1.0, 1.4142135623730951, 8.0, 4.242640687119285, 0, 0, 0, 0, 0, 0, 0, 0, 12, 6, 4, 1]
14 2
[18.0, 9.899494936611665, 1.0, 2.8284271247461903, 2.0, 2.8284271247461903, 7.0, 2.8284271247461903, 0, 0, 0, 0, 0, 0, 0, 0, 12, 6, 4, 1]
13 3
[17.0, 8.48528137423857, 4.0, 1.4142135623730951, 1.0, 4.242640687119285, 3.0, 11.313708498984761, 0, 0, 0, 0, 0, 0, 0, 0, 12, 6, 4, 1]
14 1
[1.0, 1.4142135623730951, 13.0, 1.4142135623730951, 1.0, 1.4142135623730951, 7.0, 2.8284271247461903, 0, 0, 0, 0, 0, 0, 0, 0, 12, 6, 4, 1]
15 2
[18.0, 9.899494936611665, 1.0, 2.8284271247461903, 2.0, 2.8284271247461903, 6.0, 1.4142135623730951, 0, 0, 0, 0, 0, 0, 0, 0, 12, 6, 4, 1]
14 3
[17.0, 8.48528137423857, 5.0, 1.4142135623730951, 1.0, 4.242640687119285, 2.0, 2.8284271247461903, 0, 0, 0, 0, 0, 0, 0, 0, 12, 6, 4, 1]
15 1
[1.0, 1.4142135623730951, 14.0, 1.4142135623730951, 1.0, 1.4142135623730951, 6.0, 2.8284271247461903, 0, 0, 0, 0, 0, 0, 0, 0, 12, 6, 4, 1]
16 2
[1.0, 9.899494936611665, 1.0, 2.8284271247461903, 2.0, 2.8284271247461903, 5.0, 1.4142135623730951, 0, 0, 0, 0, 0, 0, 0, 0, 12, 6, 4, 1]
15 3
[17.0, 8.48528137423857, 6.0, 1.4142135623730951, 1.0, 4.242640687119285, 1.0, 1.4142135623730951, 0, 0, 0, 0, 0, 0, 0, 0, 12, 6, 4, 1]
16 1
[1.0, 1.4142135623730951, 15.0, 1.4142135623730951, 1.0, 1.4142135623730951, 5.0, 2.8284271247461903, 0, 0, 0, 0, 0, 0, 0, 0, 12, 6, 4, 1]
17 2
[1.0, 1.4142135623730951, 1.0, 2.8284271247461903, 2.0, 2.8284271247461903, 4.0, 1.4142135623730951, 0, 0, 0, 0, 0, 0, 0, 0, 12, 6, 4, 1]
17 1
[1.0, 1.4142135623730951, 16.0, 1.4142135623730951, 1.0, 1.4142135623730951, 4.0, 5.656854249492381, 0, 0, 0, 0, 0, 0, 0, 0, 12, 6, 4, 1]
18 2
[1.0, 1.4142135623730951, 1.0, 2.8284271247461903, 2.0, 2.8284271247461903, 3.0, 4.242640687119285, 0, 0, 0, 0, 0, 0, 0, 0, 12, 6, 4, 1]
18 1
[1.0, 1.4142135623730951, 17.0, 1.4142135623730951, 1.0, 1.4142135623730951, 3.0, 4.242640687119285, 0, 0, 0, 0, 0, 0, 0, 0, 12, 6, 4, 1]
19 2
[18.0, 1.4142135623730951, 1.0, 2.8284271247461903, 2.0, 2.8284271247461903, 2.0, 2.8284271247461903, 0, 0, 0, 0, 0, 0, 0, 0, 12, 6, 4, 1]
19 1
[1.0, 1.4142135623730951, 18.0, 1.4142135623730951, 1.0, 1.4142135623730951, 2.0, 2.8284271247461903, 0, 0, 0, 0, 0, 0, 0, 0, 12, 6, 4, 1]
20 2
[18.0, 2.8284271247461903, 1.0, 2.8284271247461903, 2.0, 1.4142135623730951, 1.0, 1.4142135623730951, 0, 0, 0, 0, 0, 0, 0, 0, 12, 6, 4, 1]
19 3
[17.0, 1.4142135623730951, 1.0, 1.4142135623730951, 1.0, 2.8284271247461903, 2.0, 2.8284271247461903, 0, 0, 0, 0, 0, 0, 0, 0, 12, 6, 4, 1]
20 3
[17.0, 2.8284271247461903, 1.0, 1.4142135623730951, 3.0, 1.4142135623730951, 1.0, 1.4142135623730951, 0, 0, 0, 0, 0, 0, 0, 0, 12, 6, 4, 1]
19 4
[16.0, 1.4142135623730951, 1.0, 1.4142135623730951, 1.0, 2.8284271247461903, 2.0, 2.8284271247461903, 0, 0, 0, 0, 0, 0, 0, 0, 12, 6, 4, 1]
20 2
[1.0, 1.4142135623730951, 1.0, 2.8284271247461903, 2.0, 1.4142135623730951, 1.0, 1.4142135623730951, 0, 0, 0, 0, 0, 0, 0, 0, 12, 6, 4, 1]
21 3
[17.0, 16.97056274847714, 1.0, 4.242640687119285, 3.0, 1.4142135623730951, 1.0, 1.4142135623730951, 0, 0, 0, 0, 0, 0, 0, 0, 12, 6, 4, 1]
20 4
[16.0, 15.556349186104045, 2.0, 1.4142135623730951, 1.0, 1.4142135623730951, 1.0, 1.4142135623730951, 0, 0, 0, 0, 0, 0, 0, 0, 12, 6, 4, 1]
21 2
[1.0, 1.4142135623730951, 2.0, 2.8284271247461903, 2.0, 1.4142135623730951, 1.0, 1.4142135623730951, 0, 0, 0, 0, 0, 0, 0, 0, 12, 6, 4, 1]
22 3
[15.0, 8.48528137423857, 1.0, 4.242640687119285, 3.0, 1.4142135623730951, 1.0, 1.4142135623730951, 1, 0, 0, 0, 0, 0, 0, 0, 12, 6, 4, 1]
21 4
[16.0, 7.0710678118654755, 3.0, 1.4142135623730951, 1.0, 1.4142135623730951, 1.0, 1.4142135623730951, 0, 0, 0, 0, 0, 0, 0, 0, 12, 6, 4, 1]
22 2
[1.0, 1.4142135623730951, 3.0, 2.8284271247461903, 2.0, 1.4142135623730951, 1.0, 1.4142135623730951, 0, 0, 0, 0, 0, 0, 0, 0, 12, 6, 4, 1]
23 3
[15.0, 8.48528137423857, 1.0, 4.242640687119285, 3.0, 1.4142135623730951, 1.0, 1.4142135623730951, 1, 0, 0, 0, 0, 0, 0, 0, 12, 6, 4, 1]
22 4
[14.0, 7.0710678118654755, 4.0, 1.4142135623730951, 1.0, 1.4142135623730951, 1.0, 1.4142135623730951, 1, 0, 0, 0, 0, 0, 0, 0, 12, 6, 4, 1]
23 2
[1.0, 1.4142135623730951, 4.0, 2.8284271247461903, 2.0, 1.4142135623730951, 1.0, 1.4142135623730951, 0, 0, 0, 0, 0, 0, 0, 0, 12, 6, 4, 1]
24 3
[15.0, 8.48528137423857, 1.0, 4.242640687119285, 3.0, 1.4142135623730951, 1.0, 1.4142135623730951, 1, 0, 0, 0, 0, 0, 0, 0, 12, 6, 4, 1]
23 4
[14.0, 7.0710678118654755, 5.0, 1.4142135623730951, 1.0, 1.4142135623730951, 1.0, 1.4142135623730951, 1, 0, 0, 0, 0, 0, 0, 0, 12, 6, 4, 1]
24 2
[1.0, 1.4142135623730951, 5.0, 2.8284271247461903, 2.0, 1.4142135623730951, 1.0, 1.4142135623730951, 0, 0, 0, 0, 0, 0, 0, 0, 12, 6, 4, 1]
24 4
[14.0, 8.48528137423857, 6.0, 1.4142135623730951, 1.0, 1.4142135623730951, 1.0, 1.4142135623730951, 1, 0, 0, 0, 0, 0, 0, 0, 12, 6, 4, 1]
24 1
[1.0, 2.8284271247461903, 23.0, 1.4142135623730951, 1.0, 1.4142135623730951, 1.0, 1.4142135623730951, 0, 0, 0, 0, 0, 0, 0, 0, 12, 6, 4, 1]
25 2
[1.0, 1.4142135623730951, 1.0, 2.8284271247461903, 2.0, 1.4142135623730951, 1.0, 1.4142135623730951, 0, 0, 0, 0, 0, 0, 0, 0, 12, 6, 4, 1]
23 2
[1.0, 1.4142135623730951, 4.0, 2.8284271247461903, 2.0, 1.4142135623730951, 1.0, 1.4142135623730951, 0, 0, 0, 0, 0, 0, 0, 0, 12, 6, 4, 1]
25 1
[1.0, 1.4142135623730951, 24.0, 1.4142135623730951, 1.0, 1.4142135623730951, 1.0, 1.4142135623730951, 0, 0, 0, 0, 0, 0, 0, 0, 12, 6, 4, 1]
26 2
[1.0, 1.4142135623730951, 1.0, 2.8284271247461903, 2.0, 1.4142135623730951, 1.0, 1.4142135623730951, 0, 0, 0, 0, 0, 0, 0, 0, 12, 6, 4, 1]
26 1
[1.0, 1.4142135623730951, 25.0, 1.4142135623730951, 1.0, 1.4142135623730951, 1.0, 1.4142135623730951, 0, 0, 0, 0, 0, 0, 0, 0, 12, 6, 4, 1]
27 2
[1.0, 1.4142135623730951, 1.0, 2.8284271247461903, 2.0, 1.4142135623730951, 1.0, 1.4142135623730951, 0, 0, 0, 0, 0, 0, 0, 0, 12, 6, 4, 1]
27 1
[1.0, 1.4142135623730951, 26.0, 1.4142135623730951, 1.0, 1.4142135623730951, 1.0, 1.4142135623730951, 0, 0, 0, 0, 0, 0, 0, 0, 12, 6, 4, 1]
28 2
[17.0, 1.4142135623730951, 1.0, 2.8284271247461903, 2.0, 1.4142135623730951, 1.0, 1.4142135623730951, 1, 0, 0, 0, 0, 0, 0, 0, 12, 6, 4, 1]
28 1
[1.0, 1.4142135623730951, 27.0, 1.4142135623730951, 1.0, 1.4142135623730951, 1.0, 1.4142135623730951, 0, 0, 0, 0, 0, 0, 0, 0, 12, 6, 4, 1]
29 2
[16.0, 2.8284271247461903, 1.0, 2.8284271247461903, 2.0, 1.4142135623730951, 1.0, 1.4142135623730951, 1, 0, 0, 0, 0, 0, 0, 0, 12, 6, 4, 1]
28 3
[16.0, 1.4142135623730951, 1.0, 1.4142135623730951, 1.0, 1.4142135623730951, 1.0, 1.4142135623730951, 1, 0, 0, 0, 0, 0, 0, 0, 12, 6, 4, 1]
29 1
[1.0, 1.4142135623730951, 28.0, 1.4142135623730951, 1.0, 1.4142135623730951, 1.0, 1.4142135623730951, 0, 0, 0, 0, 0, 0, 0, 0, 12, 6, 4, 1]
30 2
[16.0, 4.242640687119285, 1.0, 2.8284271247461903, 2.0, 1.4142135623730951, 1.0, 1.4142135623730951, 1, 0, 0, 0, 0, 0, 0, 0, 12, 6, 4, 1]
29 3
[15.0, 2.8284271247461903, 2.0, 1.4142135623730951, 1.0, 1.4142135623730951, 1.0, 1.4142135623730951, 1, 0, 0, 0, 0, 0, 0, 0, 12, 6, 4, 1]
30 1
[1.0, 1.4142135623730951, 29.0, 1.4142135623730951, 1.0, 1.4142135623730951, 1.0, 1.4142135623730951, 0, 0, 0, 0, 0, 0, 0, 0, 12, 6, 4, 1]
31 2
[17.0, 18.384776310850235, 1.0, 2.8284271247461903, 2.0, 1.4142135623730951, 1.0, 1.4142135623730951, 1, 0, 0, 0, 0, 0, 0, 0, 12, 6, 4, 1]
30 3
[15.0, 16.97056274847714, 3.0, 1.4142135623730951, 1.0, 1.4142135623730951, 1.0, 1.4142135623730951, 1, 0, 0, 0, 0, 0, 0, 0, 12, 6, 4, 1]
31 1
[1.0, 1.4142135623730951, 30.0, 1.4142135623730951, 1.0, 1.4142135623730951, 1.0, 1.4142135623730951, 0, 0, 0, 0, 0, 0, 0, 0, 12, 6, 4, 1]
32 2
[16.0, 9.899494936611665, 1.0, 2.8284271247461903, 2.0, 1.4142135623730951, 1.0, 1.4142135623730951, 1, 0, 0, 0, 0, 0, 0, 0, 12, 6, 4, 1]
31 3
[16.0, 8.48528137423857, 4.0, 1.4142135623730951, 1.0, 1.4142135623730951, 1.0, 1.4142135623730951, 1, 0, 0, 0, 0, 0, 0, 0, 12, 6, 4, 1]
32 1
[1.0, 1.4142135623730951, 31.0, 1.4142135623730951, 1.0, 1.4142135623730951, 1.0, 1.4142135623730951, 0, 0, 0, 0, 0, 0, 0, 0, 12, 6, 4, 1]
33 2
[16.0, 9.899494936611665, 1.0, 2.8284271247461903, 2.0, 1.4142135623730951, 1.0, 1.4142135623730951, 1, 0, 0, 0, 0, 0, 0, 0, 12, 6, 4, 1]
32 3
[15.0, 8.48528137423857, 5.0, 1.4142135623730951, 1.0, 1.4142135623730951, 1.0, 1.4142135623730951, 1, 0, 0, 0, 0, 0, 0, 0, 12, 6, 4, 1]
33 1
[1.0, 1.4142135623730951, 32.0, 1.4142135623730951, 1.0, 1.4142135623730951, 1.0, 1.4142135623730951, 0, 0, 0, 0, 0, 0, 0, 0, 12, 6, 4, 1]
33 3
[15.0, 8.48528137423857, 6.0, 1.4142135623730951, 1.0, 1.4142135623730951, 1.0, 1.4142135623730951, 1, 0, 0, 0, 0, 0, 0, 0, 12, 6, 4, 1]
32 1
[1.0, 1.4142135623730951, 31.0, 1.4142135623730951, 1.0, 1.4142135623730951, 1.0, 1.4142135623730951, 0, 0, 0, 0, 0, 0, 0, 0, 12, 6, 4, 1]
32 2
[16.0, 9.899494936611665, 1.0, 2.8284271247461903, 1.0, 1.4142135623730951, 1.0, 1.4142135623730951, 1, 0, 0, 0, 0, 0, 0, 0, 12, 6, 3, 0]
31 1
[1.0, 1.4142135623730951, 30.0, 1.4142135623730951, 1.0, 1.4142135623730951, 1.0, 1.4142135623730951, 0, 0, 0, 0, 0, 0, 0, 0, 12, 6, 4, 1]
33 2
[16.0, 9.899494936611665, 1.0, 1.4142135623730951, 1.0, 1.4142135623730951, 1.0, 1.4142135623730951, 1, 0, 0, 0, 0, 0, 0, 0, 11, 6, 3, -1]
32 3
[15.0, 8.48528137423857, 5.0, 1.4142135623730951, 1.0, 1.4142135623730951, 1.0, 1.4142135623730951, 1, 0, 0, 0, 0, 0, 0, 0, 11, 6, 4, 0]
31 2
[17.0, 18.384776310850235, 1.0, 2.8284271247461903, 2.0, 1.4142135623730951, 1.0, 1.4142135623730951, 1, 0, 0, 0, 0, 0, 0, 0, 11, 6, 3, -1]
31 1
[1.0, 1.4142135623730951, 30.0, 1.4142135623730951, 1.0, 1.4142135623730951, 1.0, 1.4142135623730951, 0, 0, 0, 0, 0, 0, 0, 0, 10, 5, 4, -1]
31 3
[16.0, 8.48528137423857, 4.0, 1.4142135623730951, 1.0, 1.4142135623730951, 1.0, 1.4142135623730951, 1, 0, 0, 0, 0, 0, 0, 0, 10, 5, 4, -1]
30 2
[16.0, 4.242640687119285, 1.0, 2.8284271247461903, 2.0, 1.4142135623730951, 1.0, 1.4142135623730951, 1, 0, 0, 0, 0, 0, 0, 0, 10, 5, 3, -2]
30 1
[1.0, 1.4142135623730951, 29.0, 1.4142135623730951, 1.0, 1.4142135623730951, 1.0, 1.4142135623730951, 0, 0, 0, 0, 0, 0, 0, 0, 9, 4, 4, -2]
30 3
[15.0, 16.97056274847714, 3.0, 1.4142135623730951, 1.0, 1.4142135623730951, 1.0, 1.4142135623730951, 1, 0, 0, 0, 0, 0, 0, 0, 9, 4, 4, -2]
29 2
[16.0, 2.8284271247461903, 1.0, 2.8284271247461903, 2.0, 1.4142135623730951, 1.0, 1.4142135623730951, 1, 0, 0, 0, 0, 0, 0, 0, 9, 4, 3, -3]
29 1
[1.0, 1.4142135623730951, 28.0, 1.4142135623730951, 1.0, 1.4142135623730951, 1.0, 1.4142135623730951, 0, 0, 0, 0, 0, 0, 0, 0, 8, 3, 4, -3]
29 3
[15.0, 2.8284271247461903, 2.0, 1.4142135623730951, 1.0, 1.4142135623730951, 1.0, 1.4142135623730951, 1, 0, 0, 0, 0, 0, 0, 0, 8, 3, 4, -3]
28 2
[17.0, 1.4142135623730951, 1.0, 2.8284271247461903, 2.0, 1.4142135623730951, 1.0, 1.4142135623730951, 1, 0, 0, 0, 0, 0, 0, 0, 8, 3, 3, -4]
28 1
[1.0, 1.4142135623730951, 27.0, 1.4142135623730951, 1.0, 1.4142135623730951, 1.0, 1.4142135623730951, 0, 0, 0, 0, 0, 0, 0, 0, 7, 2, 4, -4]
28 3
[16.0, 1.4142135623730951, 1.0, 1.4142135623730951, 1.0, 1.4142135623730951, 1.0, 1.4142135623730951, 1, 0, 0, 0, 0, 0, 0, 0, 7, 2, 4, -4]
27 2
[1.0, 1.4142135623730951, 1.0, 2.8284271247461903, 2.0, 1.4142135623730951, 1.0, 1.4142135623730951, 0, 0, 0, 0, 0, 0, 0, 0, 7, 2, 3, -5]
27 1
[1.0, 1.4142135623730951, 26.0, 1.4142135623730951, 1.0, 1.4142135623730951, 1.0, 1.4142135623730951, 0, 0, 0, 0, 0, 0, 0, 0, 6, 1, 4, -5]
26 2
[1.0, 1.4142135623730951, 1.0, 2.8284271247461903, 2.0, 1.4142135623730951, 1.0, 1.4142135623730951, 0, 0, 0, 0, 0, 0, 0, 0, 6, 1, 3, -6]
26 1
[1.0, 1.4142135623730951, 25.0, 1.4142135623730951, 1.0, 1.4142135623730951, 1.0, 1.4142135623730951, 0, 0, 0, 0, 0, 0, 0, 0, 12, 6, 3, -6]
25 2
[1.0, 1.4142135623730951, 1.0, 2.8284271247461903, 2.0, 1.4142135623730951, 1.0, 1.4142135623730951, 0, 0, 0, 0, 0, 0, 0, 0, 12, 6, 2, -7]
25 1
[1.0, 1.4142135623730951, 24.0, 1.4142135623730951, 1.0, 1.4142135623730951, 1.0, 1.4142135623730951, 0, 0, 0, 0, 0, 0, 0, 0, 12, 6, 2, -7]
24 2
[1.0, 1.4142135623730951, 5.0, 2.8284271247461903, 2.0, 1.4142135623730951, 1.0, 1.4142135623730951, 0, 0, 0, 0, 0, 0, 0, 0, 12, 6, 1, -8]
24 1
[1.0, 2.8284271247461903, 23.0, 1.4142135623730951, 1.0, 1.4142135623730951, 1.0, 1.4142135623730951, 0, 0, 0, 0, 0, 0, 0, 0, 12, 6, 1, -8]
24 3
[15.0, 8.48528137423857, 1.0, 4.242640687119285, 1.0, 1.4142135623730951, 1.0, 1.4142135623730951, 1, 0, 0, 0, 0, 0, 0, 0, 12, 6, 1, -49]
23 2
[1.0, 1.4142135623730951, 4.0, 2.8284271247461903, 2.0, 1.4142135623730951, 1.0, 1.4142135623730951, 0, 0, 0, 0, 0, 0, 0, 0, 12, 6, 1, -8]
24 4
[14.0, 8.48528137423857, 6.0, 1.4142135623730951, 1.0, 1.4142135623730951, 1.0, 1.4142135623730951, 1, 0, 0, 0, 0, 0, 0, 0, 12, 6, 0, -48]
23 3
[15.0, 8.48528137423857, 1.0, 4.242640687119285, 3.0, 1.4142135623730951, 1.0, 1.4142135623730951, 1, 0, 0, 0, 0, 0, 0, 0, 12, 6, 0, -89]
Winner side: Yellow
Details:
  Scores:
    Blue -> -2
    Yellow -> 47
