Loading config from configs\gamecfg60.json
Loading neural network from nn\nn_60.pkl
Starting client
Connecting to host 'localhost' port 8060
Connected successfully
joined the game successfully
Side: Blue
2 1
[19.0, 2.8284271247461903, 1.0, 1.4142135623730951, 1.0, 1.4142135623730951, 19.0, 19.79898987322333, 0, 0, 0, 0, 0, 0, 0, 0, 12, 6, 4, 1]
1 2
[18.0, 1.4142135623730951, 1.0, 1.4142135623730951, 1.0, 2.8284271247461903, 20.0, 9.899494936611665, 0, 0, 0, 0, 0, 0, 0, 0, 12, 6, 4, 1]
2 2
[18.0, 2.8284271247461903, 1.0, 1.4142135623730951, 2.0, 2.8284271247461903, 19.0, 9.899494936611665, 0, 0, 0, 0, 0, 0, 0, 0, 12, 6, 4, 1]
1 3
[17.0, 1.4142135623730951, 1.0, 1.4142135623730951, 1.0, 4.242640687119285, 6.0, 8.48528137423857, 0, 0, 0, 0, 0, 0, 0, 0, 12, 6, 4, 1]
2 3
[17.0, 2.8284271247461903, 1.0, 1.4142135623730951, 3.0, 4.242640687119285, 5.0, 8.48528137423857, 0, 0, 0, 0, 0, 0, 0, 0, 12, 6, 4, 1]
1 4
[16.0, 1.4142135623730951, 1.0, 1.4142135623730951, 1.0, 5.656854249492381, 6.0, 8.48528137423857, 0, 0, 0, 0, 0, 0, 0, 0, 12, 6, 4, 1]
2 4
[16.0, 2.8284271247461903, 1.0, 1.4142135623730951, 4.0, 5.656854249492381, 5.0, 7.0710678118654755, 0, 0, 0, 0, 0, 0, 0, 0, 12, 6, 4, 1]
1 5
[15.0, 1.4142135623730951, 1.0, 1.4142135623730951, 1.0, 7.0710678118654755, 6.0, 8.48528137423857, 0, 0, 0, 0, 0, 0, 0, 0, 12, 6, 4, 1]
2 5
[15.0, 2.8284271247461903, 1.0, 1.4142135623730951, 5.0, 7.0710678118654755, 5.0, 7.0710678118654755, 0, 0, 0, 0, 0, 0, 0, 0, 12, 6, 4, 1]
1 6
[14.0, 1.4142135623730951, 1.0, 1.4142135623730951, 1.0, 8.48528137423857, 20.0, 19.79898987322333, 0, 0, 0, 0, 0, 0, 0, 0, 12, 6, 4, 1]
2 6
[14.0, 2.8284271247461903, 1.0, 1.4142135623730951, 6.0, 8.48528137423857, 19.0, 7.0710678118654755, 0, 0, 0, 0, 0, 0, 0, 0, 12, 6, 4, 1]
1 7
[13.0, 1.4142135623730951, 1.0, 1.4142135623730951, 1.0, 9.899494936611665, 20.0, 11.313708498984761, 0, 0, 0, 0, 0, 0, 0, 0, 12, 6, 4, 1]
2 7
[13.0, 2.8284271247461903, 1.0, 1.4142135623730951, 7.0, 9.899494936611665, 19.0, 18.384776310850235, 0, 0, 0, 0, 0, 0, 0, 0, 12, 6, 4, 1]
1 8
[12.0, 1.4142135623730951, 1.0, 1.4142135623730951, 1.0, 11.313708498984761, 20.0, 9.899494936611665, 0, 0, 0, 0, 0, 0, 0, 0, 12, 6, 4, 1]
2 8
[12.0, 2.8284271247461903, 1.0, 1.4142135623730951, 8.0, 7.0710678118654755, 19.0, 9.899494936611665, 0, 0, 0, 0, 0, 0, 0, 0, 12, 6, 4, 1]
1 9
[11.0, 1.4142135623730951, 1.0, 1.4142135623730951, 1.0, 8.48528137423857, 6.0, 8.48528137423857, 0, 0, 0, 0, 0, 0, 0, 0, 12, 6, 4, 1]
2 9
[11.0, 2.8284271247461903, 1.0, 1.4142135623730951, 9.0, 7.0710678118654755, 5.0, 8.48528137423857, 0, 0, 0, 0, 0, 0, 0, 0, 12, 6, 4, 1]
1 10
[10.0, 1.4142135623730951, 1.0, 1.4142135623730951, 1.0, 8.48528137423857, 6.0, 8.48528137423857, 0, 0, 0, 0, 0, 0, 0, 0, 12, 6, 4, 1]
2 10
[10.0, 2.8284271247461903, 1.0, 1.4142135623730951, 10.0, 7.0710678118654755, 5.0, 7.0710678118654755, 0, 0, 0, 0, 0, 0, 0, 0, 12, 6, 4, 1]
1 11
[9.0, 1.4142135623730951, 1.0, 1.4142135623730951, 1.0, 8.48528137423857, 6.0, 8.48528137423857, 0, 0, 0, 0, 0, 0, 0, 0, 12, 6, 4, 1]
2 11
[9.0, 2.8284271247461903, 1.0, 1.4142135623730951, 11.0, 8.48528137423857, 5.0, 7.0710678118654755, 0, 0, 0, 0, 0, 0, 0, 0, 12, 6, 4, 1]
1 12
[8.0, 1.4142135623730951, 1.0, 1.4142135623730951, 1.0, 9.899494936611665, 20.0, 11.313708498984761, 0, 0, 0, 0, 0, 0, 0, 0, 12, 6, 4, 1]
2 12
[8.0, 2.8284271247461903, 1.0, 1.4142135623730951, 12.0, 9.899494936611665, 19.0, 7.0710678118654755, 0, 0, 0, 0, 0, 0, 0, 0, 12, 6, 4, 1]
1 13
[7.0, 1.4142135623730951, 1.0, 1.4142135623730951, 1.0, 11.313708498984761, 20.0, 9.899494936611665, 0, 0, 0, 0, 0, 0, 0, 0, 12, 6, 4, 1]
2 13
[7.0, 2.8284271247461903, 1.0, 1.4142135623730951, 13.0, 18.384776310850235, 19.0, 9.899494936611665, 0, 0, 0, 0, 0, 0, 0, 0, 12, 6, 4, 1]
1 14
[6.0, 1.4142135623730951, 1.0, 1.4142135623730951, 1.0, 19.79898987322333, 20.0, 8.48528137423857, 0, 0, 0, 0, 0, 0, 0, 0, 12, 6, 4, 1]
2 14
[6.0, 2.8284271247461903, 1.0, 1.4142135623730951, 14.0, 7.0710678118654755, 19.0, 8.48528137423857, 0, 0, 0, 0, 0, 0, 0, 0, 12, 6, 4, 1]
1 15
[5.0, 1.4142135623730951, 1.0, 1.4142135623730951, 1.0, 8.48528137423857, 6.0, 7.0710678118654755, 0, 0, 0, 0, 0, 0, 0, 0, 12, 6, 4, 1]
2 15
[5.0, 2.8284271247461903, 1.0, 1.4142135623730951, 15.0, 7.0710678118654755, 5.0, 7.0710678118654755, 0, 0, 0, 0, 0, 0, 0, 0, 12, 6, 4, 1]
1 16
[4.0, 1.4142135623730951, 1.0, 1.4142135623730951, 1.0, 8.48528137423857, 6.0, 5.656854249492381, 0, 0, 0, 0, 0, 0, 0, 0, 12, 6, 4, 1]
2 16
[4.0, 2.8284271247461903, 1.0, 1.4142135623730951, 16.0, 7.0710678118654755, 5.0, 5.656854249492381, 0, 0, 0, 0, 0, 0, 0, 0, 12, 6, 4, 1]
1 17
[3.0, 1.4142135623730951, 1.0, 1.4142135623730951, 1.0, 8.48528137423857, 6.0, 4.242640687119285, 0, 0, 0, 0, 0, 0, 0, 0, 12, 6, 4, 1]
2 17
[3.0, 2.8284271247461903, 1.0, 1.4142135623730951, 17.0, 8.48528137423857, 5.0, 4.242640687119285, 0, 0, 0, 0, 0, 0, 0, 0, 12, 6, 4, 1]
1 18
[2.0, 1.4142135623730951, 1.0, 1.4142135623730951, 1.0, 9.899494936611665, 20.0, 2.8284271247461903, 0, 0, 0, 0, 0, 0, 0, 0, 12, 6, 4, 1]
2 18
[2.0, 2.8284271247461903, 1.0, 1.4142135623730951, 18.0, 9.899494936611665, 19.0, 2.8284271247461903, 0, 0, 0, 0, 0, 0, 0, 0, 12, 6, 4, 1]
1 19
[1.0, 1.4142135623730951, 1.0, 1.4142135623730951, 1.0, 11.313708498984761, 20.0, 1.4142135623730951, 0, 0, 0, 0, 0, 0, 0, 0, 12, 6, 4, 1]
2 19
[1.0, 1.4142135623730951, 1.0, 1.4142135623730951, 19.0, 19.79898987322333, 19.0, 1.4142135623730951, 0, 0, 0, 0, 0, 0, 0, 0, 12, 6, 4, 1]
2 18
[1.0, 1.4142135623730951, 1.0, 1.4142135623730951, 18.0, 9.899494936611665, 19.0, 2.8284271247461903, 0, 0, 0, 0, 0, 0, 0, 0, 12, 6, 4, 1]
3 19
[1.0, 1.4142135623730951, 1.0, 2.8284271247461903, 19.0, 5.656854249492381, 18.0, 1.4142135623730951, 0, 0, 0, 0, 0, 0, 0, 0, 12, 6, 4, 1]
2 17
[1.0, 1.4142135623730951, 1.0, 1.4142135623730951, 17.0, 8.48528137423857, 5.0, 4.242640687119285, 0, 0, 0, 0, 0, 0, 0, 0, 12, 6, 4, 1]
3 18
[2.0, 1.4142135623730951, 1.0, 2.8284271247461903, 18.0, 18.384776310850235, 18.0, 2.8284271247461903, 0, 0, 0, 0, 0, 0, 0, 0, 12, 6, 4, 1]
1 18
[1.0, 1.4142135623730951, 1.0, 1.4142135623730951, 1.0, 9.899494936611665, 1.0, 1.4142135623730951, 0, 0, 0, 0, 0, 0, 0, 0, 12, 6, 3, 0]
3 17
[1.0, 1.4142135623730951, 2.0, 2.8284271247461903, 17.0, 8.48528137423857, 4.0, 4.242640687119285, 0, 0, 0, 0, 0, 0, 0, 0, 12, 6, 4, 2]
4 18
[2.0, 2.8284271247461903, 1.0, 4.242640687119285, 18.0, 4.242640687119285, 17.0, 2.8284271247461903, 0, 0, 0, 0, 0, 0, 0, 0, 12, 6, 4, 2]
3 19
[1.0, 1.4142135623730951, 1.0, 1.4142135623730951, 1.0, 5.656854249492381, 18.0, 1.4142135623730951, 0, 0, 0, 0, 0, 0, 0, 0, 12, 6, 4, 2]
3 16
[1.0, 2.8284271247461903, 2.0, 2.8284271247461903, 16.0, 7.0710678118654755, 4.0, 5.656854249492381, 0, 0, 0, 0, 0, 0, 0, 0, 12, 6, 4, 3]
4 17
[3.0, 1.4142135623730951, 1.0, 4.242640687119285, 17.0, 16.97056274847714, 3.0, 4.242640687119285, 0, 0, 0, 0, 0, 0, 0, 0, 12, 6, 4, 3]
2 17
[1.0, 1.4142135623730951, 1.0, 1.4142135623730951, 17.0, 8.48528137423857, 1.0, 1.4142135623730951, 0, 0, 0, 0, 0, 0, 0, 0, 12, 6, 4, 3]
4 16
[1.0, 1.4142135623730951, 3.0, 4.242640687119285, 16.0, 7.0710678118654755, 3.0, 5.656854249492381, 0, 0, 0, 0, 0, 0, 0, 0, 12, 6, 4, 4]
5 17
[3.0, 4.242640687119285, 1.0, 5.656854249492381, 17.0, 2.8284271247461903, 2.0, 4.242640687119285, 0, 0, 0, 0, 0, 0, 0, 0, 12, 6, 4, 4]
4 18
[2.0, 2.8284271247461903, 1.0, 1.4142135623730951, 1.0, 4.242640687119285, 17.0, 2.8284271247461903, 0, 0, 0, 0, 0, 0, 0, 0, 12, 6, 4, 4]
4 15
[1.0, 4.242640687119285, 3.0, 4.242640687119285, 15.0, 5.656854249492381, 3.0, 7.0710678118654755, 0, 0, 0, 0, 0, 0, 0, 0, 12, 6, 4, 5]
5 16
[4.0, 1.4142135623730951, 1.0, 5.656854249492381, 16.0, 15.556349186104045, 2.0, 5.656854249492381, 0, 0, 0, 0, 0, 0, 0, 0, 12, 6, 4, 5]
3 16
[1.0, 2.8284271247461903, 2.0, 2.8284271247461903, 16.0, 7.0710678118654755, 1.0, 1.4142135623730951, 0, 0, 0, 0, 0, 0, 0, 0, 12, 6, 4, 5]
5 15
[1.0, 1.4142135623730951, 4.0, 5.656854249492381, 15.0, 5.656854249492381, 2.0, 2.8284271247461903, 0, 0, 0, 0, 0, 0, 0, 0, 12, 6, 4, 6]
6 16
[4.0, 5.656854249492381, 1.0, 7.0710678118654755, 16.0, 1.4142135623730951, 1.0, 1.4142135623730951, 0, 0, 0, 0, 0, 0, 0, 0, 12, 6, 4, 6]
5 17
[3.0, 4.242640687119285, 1.0, 1.4142135623730951, 1.0, 2.8284271247461903, 2.0, 4.242640687119285, 0, 0, 0, 0, 0, 0, 0, 0, 12, 6, 4, 6]
5 14
[1.0, 5.656854249492381, 4.0, 5.656854249492381, 14.0, 4.242640687119285, 16.0, 2.8284271247461903, 0, 0, 0, 0, 0, 0, 0, 0, 12, 6, 4, 7]
6 15
[5.0, 1.4142135623730951, 1.0, 7.0710678118654755, 15.0, 14.142135623730951, 1.0, 1.4142135623730951, 0, 0, 0, 0, 0, 0, 0, 0, 12, 6, 4, 7]
4 15
[1.0, 4.242640687119285, 3.0, 4.242640687119285, 15.0, 5.656854249492381, 1.0, 1.4142135623730951, 0, 0, 0, 0, 0, 0, 0, 0, 12, 6, 4, 7]
6 14
[1.0, 1.4142135623730951, 5.0, 7.0710678118654755, 14.0, 4.242640687119285, 15.0, 1.4142135623730951, 0, 0, 0, 0, 0, 0, 0, 0, 12, 6, 4, 8]
6 16
[4.0, 5.656854249492381, 1.0, 1.4142135623730951, 1.0, 1.4142135623730951, 1.0, 1.4142135623730951, 0, 0, 0, 0, 0, 0, 0, 0, 12, 6, 4, 8]
6 13
[1.0, 7.0710678118654755, 5.0, 7.0710678118654755, 13.0, 2.8284271247461903, 15.0, 2.8284271247461903, 0, 0, 0, 0, 0, 0, 0, 0, 12, 6, 4, 9]
7 14
[1.0, 1.4142135623730951, 1.0, 8.48528137423857, 3.0, 12.727922061357855, 14.0, 1.4142135623730951, 0, 0, 0, 0, 0, 0, 0, 0, 12, 6, 4, 9]
5 14
[1.0, 5.656854249492381, 4.0, 5.656854249492381, 14.0, 4.242640687119285, 1.0, 1.4142135623730951, 0, 0, 0, 0, 0, 0, 0, 0, 12, 6, 4, 9]
7 13
[1.0, 1.4142135623730951, 6.0, 8.48528137423857, 2.0, 2.8284271247461903, 14.0, 2.8284271247461903, 0, 0, 0, 0, 0, 0, 0, 0, 12, 6, 4, 10]
8 14
[1.0, 1.4142135623730951, 1.0, 9.899494936611665, 3.0, 12.727922061357855, 13.0, 1.4142135623730951, 0, 0, 0, 0, 0, 0, 0, 0, 12, 6, 4, 10]
8 13
[1.0, 1.4142135623730951, 7.0, 9.899494936611665, 2.0, 11.313708498984761, 13.0, 9.899494936611665, 0, 0, 0, 0, 0, 0, 0, 0, 12, 6, 4, 50]
9 14
[1.0, 1.4142135623730951, 1.0, 11.313708498984761, 3.0, 12.727922061357855, 12.0, 8.48528137423857, 0, 0, 0, 0, 0, 0, 0, 0, 12, 6, 4, 50]
Winner side: Blue
Details:
  Scores:
    Blue -> 30
    Yellow -> -19
