Loading config from configs\gamecfg117.json
Loading neural network from nn\nn_117.pkl
Starting client
Connecting to host 'localhost' port 8117
Connected successfully
joined the game successfully
Side: Blue
2 1
[19.0, 2.8284271247461903, 1.0, 1.4142135623730951, 1.0, 1.4142135623730951, 19.0, 19.79898987322333, 0, 0, 0, 0, 0, 0, 0, 0, 12, 6, 4, 1]
1 2
[18.0, 1.4142135623730951, 1.0, 1.4142135623730951, 1.0, 2.8284271247461903, 20.0, 9.899494936611665, 0, 0, 0, 0, 0, 0, 0, 0, 12, 6, 4, 1]
3 1
[19.0, 4.242640687119285, 1.0, 1.4142135623730951, 1.0, 1.4142135623730951, 18.0, 5.656854249492381, 0, 0, 0, 0, 0, 0, 0, 0, 12, 6, 4, 1]
2 2
[18.0, 2.8284271247461903, 2.0, 1.4142135623730951, 1.0, 2.8284271247461903, 19.0, 9.899494936611665, 0, 0, 0, 0, 0, 0, 0, 0, 12, 6, 4, 1]
3 2
[18.0, 4.242640687119285, 1.0, 1.4142135623730951, 2.0, 2.8284271247461903, 18.0, 18.384776310850235, 0, 0, 0, 0, 0, 0, 0, 0, 12, 6, 4, 1]
2 3
[17.0, 2.8284271247461903, 2.0, 2.8284271247461903, 1.0, 4.242640687119285, 5.0, 8.48528137423857, 0, 0, 0, 0, 0, 0, 0, 0, 12, 6, 4, 1]
1 2
[18.0, 1.4142135623730951, 1.0, 1.4142135623730951, 1.0, 1.4142135623730951, 1.0, 9.899494936611665, 0, 0, 0, 0, 0, 0, 0, 0, 12, 6, 4, 1]
3 1
[1.0, 1.4142135623730951, 1.0, 1.4142135623730951, 1.0, 1.4142135623730951, 18.0, 5.656854249492381, 0, 0, 0, 0, 0, 0, 0, 0, 12, 6, 4, 1]
4 2
[18.0, 5.656854249492381, 1.0, 2.8284271247461903, 2.0, 2.8284271247461903, 17.0, 4.242640687119285, 0, 0, 0, 0, 0, 0, 0, 0, 12, 6, 4, 1]
3 3
[17.0, 4.242640687119285, 3.0, 1.4142135623730951, 1.0, 4.242640687119285, 4.0, 8.48528137423857, 0, 0, 0, 0, 0, 0, 0, 0, 12, 6, 4, 1]
4 1
[1.0, 1.4142135623730951, 2.0, 1.4142135623730951, 1.0, 1.4142135623730951, 17.0, 4.242640687119285, 0, 0, 0, 0, 0, 0, 0, 0, 12, 6, 4, 1]
5 2
[18.0, 7.0710678118654755, 1.0, 2.8284271247461903, 2.0, 2.8284271247461903, 16.0, 2.8284271247461903, 0, 0, 0, 0, 0, 0, 0, 0, 12, 6, 4, 1]
4 3
[17.0, 5.656854249492381, 4.0, 1.4142135623730951, 1.0, 4.242640687119285, 3.0, 16.97056274847714, 0, 0, 0, 0, 0, 0, 0, 0, 12, 6, 4, 1]
5 3
[17.0, 7.0710678118654755, 1.0, 1.4142135623730951, 3.0, 4.242640687119285, 2.0, 2.8284271247461903, 0, 0, 0, 0, 0, 0, 0, 0, 12, 6, 4, 1]
4 4
[16.0, 5.656854249492381, 4.0, 2.8284271247461903, 1.0, 5.656854249492381, 3.0, 7.0710678118654755, 0, 0, 0, 0, 0, 0, 0, 0, 12, 6, 4, 1]
3 3
[17.0, 4.242640687119285, 3.0, 1.4142135623730951, 1.0, 1.4142135623730951, 1.0, 8.48528137423857, 0, 0, 0, 0, 0, 0, 0, 0, 12, 6, 4, 1]
5 4
[16.0, 7.0710678118654755, 1.0, 1.4142135623730951, 4.0, 5.656854249492381, 2.0, 15.556349186104045, 0, 0, 0, 0, 0, 0, 0, 0, 12, 6, 4, 1]
4 5
[15.0, 5.656854249492381, 4.0, 5.656854249492381, 1.0, 7.0710678118654755, 3.0, 5.656854249492381, 0, 0, 0, 0, 0, 0, 0, 0, 12, 6, 4, 1]
3 4
[16.0, 4.242640687119285, 3.0, 4.242640687119285, 2.0, 1.4142135623730951, 1.0, 7.0710678118654755, 0, 0, 0, 0, 0, 0, 0, 0, 12, 6, 4, 1]
5 3
[1.0, 1.4142135623730951, 1.0, 1.4142135623730951, 3.0, 4.242640687119285, 2.0, 2.8284271247461903, 0, 0, 0, 0, 0, 0, 0, 0, 12, 6, 4, 1]
6 4
[16.0, 8.48528137423857, 1.0, 2.8284271247461903, 4.0, 1.4142135623730951, 1.0, 1.4142135623730951, 0, 0, 0, 0, 0, 0, 0, 0, 12, 6, 4, 1]
5 5
[15.0, 7.0710678118654755, 5.0, 1.4142135623730951, 1.0, 2.8284271247461903, 2.0, 5.656854249492381, 0, 0, 0, 0, 0, 0, 0, 0, 12, 6, 4, 1]
6 5
[15.0, 8.48528137423857, 1.0, 1.4142135623730951, 5.0, 1.4142135623730951, 1.0, 14.142135623730951, 0, 0, 0, 0, 0, 0, 0, 0, 12, 6, 4, 1]
5 6
[14.0, 7.0710678118654755, 5.0, 7.0710678118654755, 1.0, 2.8284271247461903, 16.0, 4.242640687119285, 0, 0, 0, 0, 0, 0, 0, 0, 12, 6, 4, 1]
4 5
[15.0, 5.656854249492381, 4.0, 5.656854249492381, 1.0, 1.4142135623730951, 1.0, 5.656854249492381, 0, 0, 0, 0, 0, 0, 0, 0, 12, 6, 4, 1]
6 4
[1.0, 1.4142135623730951, 1.0, 2.8284271247461903, 4.0, 1.4142135623730951, 1.0, 1.4142135623730951, 0, 0, 0, 0, 0, 0, 0, 0, 12, 6, 4, 1]
6 6
[14.0, 8.48528137423857, 6.0, 1.4142135623730951, 1.0, 1.4142135623730951, 15.0, 4.242640687119285, 0, 0, 0, 0, 0, 0, 0, 0, 12, 6, 4, 1]
7 6
[3.0, 9.899494936611665, 1.0, 1.4142135623730951, 1.0, 1.4142135623730951, 14.0, 12.727922061357855, 0, 0, 0, 0, 0, 0, 0, 0, 12, 6, 4, 1]
6 7
[13.0, 8.48528137423857, 6.0, 8.48528137423857, 1.0, 2.8284271247461903, 15.0, 2.8284271247461903, 0, 0, 0, 0, 0, 0, 0, 0, 12, 6, 4, 1]
5 6
[14.0, 7.0710678118654755, 5.0, 7.0710678118654755, 1.0, 1.4142135623730951, 1.0, 4.242640687119285, 0, 0, 0, 0, 0, 0, 0, 0, 12, 6, 4, 1]
7 7
[2.0, 9.899494936611665, 1.0, 1.4142135623730951, 2.0, 2.8284271247461903, 14.0, 2.8284271247461903, 0, 0, 0, 0, 0, 0, 0, 0, 12, 6, 4, 1]
6 8
[12.0, 8.48528137423857, 6.0, 8.48528137423857, 1.0, 4.242640687119285, 15.0, 1.4142135623730951, 0, 0, 0, 0, 0, 0, 0, 0, 12, 6, 4, 1]
5 7
[13.0, 7.0710678118654755, 5.0, 7.0710678118654755, 2.0, 1.4142135623730951, 1.0, 2.8284271247461903, 0, 0, 0, 0, 0, 0, 0, 0, 12, 6, 4, 1]
7 8
[1.0, 9.899494936611665, 1.0, 1.4142135623730951, 3.0, 11.313708498984761, 14.0, 1.4142135623730951, 0, 0, 0, 0, 0, 0, 0, 0, 12, 6, 4, 1]
6 9
[11.0, 8.48528137423857, 6.0, 8.48528137423857, 1.0, 12.727922061357855, 1.0, 1.4142135623730951, 0, 0, 0, 0, 0, 0, 0, 0, 12, 6, 4, 1]
5 8
[12.0, 7.0710678118654755, 5.0, 7.0710678118654755, 3.0, 1.4142135623730951, 1.0, 2.8284271247461903, 0, 0, 0, 0, 0, 0, 0, 0, 12, 6, 4, 1]
6 10
[10.0, 8.48528137423857, 6.0, 8.48528137423857, 1.0, 1.4142135623730951, 1.0, 1.4142135623730951, 0, 0, 0, 0, 0, 0, 0, 0, 12, 6, 4, 1]
5 9
[11.0, 7.0710678118654755, 5.0, 7.0710678118654755, 4.0, 1.4142135623730951, 1.0, 2.8284271247461903, 0, 0, 0, 0, 0, 0, 0, 0, 12, 6, 4, 1]
5 8
[1.0, 7.0710678118654755, 5.0, 7.0710678118654755, 3.0, 1.4142135623730951, 1.0, 1.4142135623730951, 0, 0, 0, 0, 0, 0, 0, 0, 12, 6, 4, 1]
5 10
[10.0, 7.0710678118654755, 5.0, 7.0710678118654755, 1.0, 1.4142135623730951, 2.0, 14.142135623730951, 0, 0, 0, 0, 0, 0, 0, 0, 12, 6, 4, 1]
4 9
[11.0, 5.656854249492381, 4.0, 5.656854249492381, 5.0, 2.8284271247461903, 1.0, 15.556349186104045, 0, 0, 0, 0, 0, 0, 0, 0, 12, 6, 4, 1]
4 8
[1.0, 5.656854249492381, 4.0, 5.656854249492381, 4.0, 2.8284271247461903, 2.0, 1.4142135623730951, 0, 0, 0, 0, 0, 0, 0, 0, 12, 6, 4, 1]
4 10
[10.0, 5.656854249492381, 4.0, 5.656854249492381, 1.0, 1.4142135623730951, 3.0, 7.0710678118654755, 0, 0, 0, 0, 0, 0, 0, 0, 12, 6, 4, 1]
3 9
[11.0, 4.242640687119285, 3.0, 4.242640687119285, 7.0, 4.242640687119285, 1.0, 8.48528137423857, 0, 0, 0, 0, 0, 0, 0, 0, 12, 6, 4, 1]
3 8
[1.0, 4.242640687119285, 3.0, 4.242640687119285, 6.0, 4.242640687119285, 3.0, 1.4142135623730951, 0, 0, 0, 0, 0, 0, 0, 0, 12, 6, 4, 1]
3 10
[10.0, 4.242640687119285, 3.0, 4.242640687119285, 1.0, 1.4142135623730951, 4.0, 7.0710678118654755, 0, 0, 0, 0, 0, 0, 0, 0, 12, 6, 4, 1]
2 9
[11.0, 2.8284271247461903, 2.0, 2.8284271247461903, 7.0, 5.656854249492381, 1.0, 8.48528137423857, 0, 0, 0, 0, 0, 0, 0, 0, 12, 6, 4, 1]
2 8
[1.0, 2.8284271247461903, 2.0, 2.8284271247461903, 6.0, 4.242640687119285, 4.0, 1.4142135623730951, 0, 0, 0, 0, 0, 0, 0, 0, 12, 6, 4, 1]
2 10
[10.0, 2.8284271247461903, 2.0, 2.8284271247461903, 1.0, 1.4142135623730951, 5.0, 7.0710678118654755, 0, 0, 0, 0, 0, 0, 0, 0, 12, 6, 4, 1]
1 9
[11.0, 1.4142135623730951, 1.0, 1.4142135623730951, 8.0, 5.656854249492381, 1.0, 8.48528137423857, 0, 0, 0, 0, 0, 0, 0, 0, 12, 6, 4, 1]
1 8
[1.0, 1.4142135623730951, 1.0, 1.4142135623730951, 7.0, 5.656854249492381, 5.0, 1.4142135623730951, 0, 0, 0, 0, 0, 0, 0, 0, 12, 6, 4, 1]
1 10
[10.0, 1.4142135623730951, 1.0, 1.4142135623730951, 1.0, 1.4142135623730951, 6.0, 8.48528137423857, 0, 0, 0, 0, 0, 0, 0, 0, 12, 6, 4, 1]
1 7
[1.0, 1.4142135623730951, 1.0, 1.4142135623730951, 6.0, 4.242640687119285, 5.0, 2.8284271247461903, 0, 0, 0, 0, 0, 0, 0, 0, 12, 6, 4, 1]
2 8
[1.0, 1.4142135623730951, 1.0, 2.8284271247461903, 6.0, 4.242640687119285, 4.0, 1.4142135623730951, 0, 0, 0, 0, 0, 0, 0, 0, 12, 6, 4, 1]
1 6
[1.0, 1.4142135623730951, 1.0, 1.4142135623730951, 5.0, 4.242640687119285, 5.0, 4.242640687119285, 0, 0, 0, 0, 0, 0, 0, 0, 12, 6, 4, 1]
2 7
[2.0, 1.4142135623730951, 1.0, 2.8284271247461903, 5.0, 4.242640687119285, 4.0, 2.8284271247461903, 0, 0, 0, 0, 0, 0, 0, 0, 12, 6, 4, 1]
2 6
[1.0, 1.4142135623730951, 2.0, 2.8284271247461903, 4.0, 2.8284271247461903, 4.0, 4.242640687119285, 0, 0, 0, 0, 0, 0, 0, 0, 12, 6, 4, 1]
3 7
[2.0, 2.8284271247461903, 1.0, 4.242640687119285, 5.0, 2.8284271247461903, 3.0, 2.8284271247461903, 0, 0, 0, 0, 0, 0, 0, 0, 12, 6, 4, 1]
2 8
[1.0, 1.4142135623730951, 1.0, 1.4142135623730951, 1.0, 4.242640687119285, 4.0, 1.4142135623730951, 0, 0, 0, 0, 0, 0, 0, 0, 12, 6, 4, 1]
3 6
[1.0, 1.4142135623730951, 3.0, 4.242640687119285, 4.0, 2.8284271247461903, 3.0, 4.242640687119285, 0, 0, 0, 0, 0, 0, 0, 0, 12, 6, 4, 1]
4 7
[2.0, 2.8284271247461903, 1.0, 5.656854249492381, 3.0, 2.8284271247461903, 2.0, 2.8284271247461903, 0, 0, 0, 0, 0, 0, 0, 0, 12, 6, 4, 1]
3 8
[1.0, 1.4142135623730951, 2.0, 1.4142135623730951, 1.0, 4.242640687119285, 3.0, 1.4142135623730951, 0, 0, 0, 0, 0, 0, 0, 0, 12, 6, 4, 1]
3 5
[1.0, 2.8284271247461903, 3.0, 4.242640687119285, 3.0, 1.4142135623730951, 2.0, 4.242640687119285, 0, 0, 0, 0, 0, 0, 0, 0, 12, 6, 4, 1]
4 6
[3.0, 1.4142135623730951, 1.0, 5.656854249492381, 2.0, 1.4142135623730951, 2.0, 2.8284271247461903, 0, 0, 0, 0, 0, 0, 0, 0, 12, 6, 4, 1]
2 6
[1.0, 1.4142135623730951, 2.0, 2.8284271247461903, 4.0, 2.8284271247461903, 1.0, 1.4142135623730951, 0, 0, 0, 0, 0, 0, 0, 0, 12, 6, 4, 1]
3 4
[1.0, 4.242640687119285, 3.0, 4.242640687119285, 2.0, 1.4142135623730951, 1.0, 4.242640687119285, 0, 0, 0, 0, 0, 0, 0, 0, 12, 6, 4, 1]
4 5
[4.0, 1.4142135623730951, 1.0, 5.656854249492381, 1.0, 1.4142135623730951, 1.0, 2.8284271247461903, 0, 0, 0, 0, 0, 0, 0, 0, 12, 6, 4, 1]
2 5
[2.0, 2.8284271247461903, 2.0, 2.8284271247461903, 3.0, 2.8284271247461903, 1.0, 1.4142135623730951, 0, 0, 0, 0, 0, 0, 0, 0, 12, 6, 4, 1]
3 3
[1.0, 4.242640687119285, 3.0, 1.4142135623730951, 1.0, 1.4142135623730951, 1.0, 1.4142135623730951, 0, 0, 0, 0, 0, 0, 0, 0, 12, 6, 4, 1]
4 4
[5.0, 1.4142135623730951, 1.0, 2.8284271247461903, 1.0, 5.656854249492381, 1.0, 1.4142135623730951, 0, 0, 0, 0, 0, 0, 0, 0, 12, 6, 3, 0]
2 4
[3.0, 2.8284271247461903, 2.0, 2.8284271247461903, 2.0, 2.8284271247461903, 1.0, 1.4142135623730951, 0, 0, 0, 0, 0, 0, 0, 0, 12, 6, 4, 1]
2 3
[1.0, 2.8284271247461903, 2.0, 2.8284271247461903, 1.0, 1.4142135623730951, 2.0, 1.4142135623730951, 0, 0, 0, 0, 0, 0, 0, 0, 12, 6, 4, 1]
2 5
[2.0, 2.8284271247461903, 2.0, 2.8284271247461903, 1.0, 1.4142135623730951, 1.0, 1.4142135623730951, 0, 0, 0, 0, 0, 0, 0, 0, 12, 6, 4, 1]
1 4
[3.0, 1.4142135623730951, 1.0, 1.4142135623730951, 3.0, 2.8284271247461903, 1.0, 2.8284271247461903, 0, 0, 0, 0, 0, 0, 0, 0, 12, 6, 4, 1]
1 3
[1.0, 1.4142135623730951, 1.0, 1.4142135623730951, 2.0, 1.4142135623730951, 3.0, 1.4142135623730951, 0, 0, 0, 0, 0, 0, 0, 0, 12, 6, 4, 1]
1 5
[2.0, 1.4142135623730951, 1.0, 1.4142135623730951, 1.0, 1.4142135623730951, 2.0, 2.8284271247461903, 0, 0, 0, 0, 0, 0, 0, 0, 12, 6, 4, 1]
1 2
[1.0, 1.4142135623730951, 1.0, 1.4142135623730951, 1.0, 1.4142135623730951, 1.0, 2.8284271247461903, 0, 0, 0, 0, 0, 0, 0, 0, 12, 6, 4, 1]
2 3
[1.0, 1.4142135623730951, 1.0, 2.8284271247461903, 1.0, 1.4142135623730951, 2.0, 1.4142135623730951, 0, 0, 0, 0, 0, 0, 0, 0, 12, 6, 4, 1]
2 2
[1.0, 1.4142135623730951, 2.0, 1.4142135623730951, 1.0, 2.8284271247461903, 1.0, 2.8284271247461903, 0, 0, 0, 0, 0, 0, 0, 0, 12, 6, 3, 0]
3 3
[1.0, 1.4142135623730951, 1.0, 1.4142135623730951, 1.0, 1.4142135623730951, 1.0, 1.4142135623730951, 0, 0, 0, 0, 0, 0, 0, 0, 12, 6, 4, 1]
2 4
[3.0, 2.8284271247461903, 1.0, 1.4142135623730951, 1.0, 2.8284271247461903, 1.0, 1.4142135623730951, 0, 0, 0, 0, 0, 0, 0, 0, 12, 6, 3, 0]
2 1
[1.0, 2.8284271247461903, 1.0, 1.4142135623730951, 1.0, 1.4142135623730951, 19.0, 1.4142135623730951, 0, 0, 0, 0, 0, 0, 0, 0, 11, 6, 3, -1]
3 2
[2.0, 1.4142135623730951, 1.0, 1.4142135623730951, 2.0, 2.8284271247461903, 1.0, 1.4142135623730951, 0, 0, 0, 0, 0, 0, 0, 0, 11, 6, 3, -1]
1 2
[1.0, 1.4142135623730951, 1.0, 1.4142135623730951, 1.0, 1.4142135623730951, 1.0, 1.4142135623730951, 0, 0, 0, 0, 0, 0, 0, 0, 11, 6, 4, 0]
3 1
[1.0, 1.4142135623730951, 1.0, 1.4142135623730951, 1.0, 1.4142135623730951, 18.0, 1.4142135623730951, 0, 0, 0, 0, 0, 0, 0, 0, 10, 5, 4, -1]
1 1
[2.0, 1.4142135623730951, 1.0, 1.4142135623730951, 1.0, 1.4142135623730951, 1.0, 1.4142135623730951, 0, 0, 0, 0, 0, 0, 0, 0, 10, 5, 3, -2]
4 1
[1.0, 1.4142135623730951, 1.0, 1.4142135623730951, 1.0, 1.4142135623730951, 17.0, 4.242640687119285, 0, 0, 0, 0, 0, 0, 0, 0, 9, 4, 4, -1]
3 2
[2.0, 1.4142135623730951, 1.0, 1.4142135623730951, 1.0, 2.8284271247461903, 1.0, 1.4142135623730951, 0, 0, 0, 0, 0, 0, 0, 0, 9, 4, 3, -2]
5 1
[3.0, 1.4142135623730951, 1.0, 1.4142135623730951, 1.0, 1.4142135623730951, 16.0, 2.8284271247461903, 0, 0, 0, 0, 0, 0, 0, 0, 8, 3, 4, -1]
4 2
[1.0, 2.8284271247461903, 1.0, 1.4142135623730951, 1.0, 2.8284271247461903, 17.0, 4.242640687119285, 0, 0, 0, 0, 0, 0, 0, 0, 8, 3, 3, -2]
5 2
[2.0, 1.4142135623730951, 1.0, 1.4142135623730951, 2.0, 2.8284271247461903, 16.0, 2.8284271247461903, 0, 0, 0, 0, 0, 0, 0, 0, 7, 2, 4, -2]
4 3
[1.0, 1.4142135623730951, 2.0, 1.4142135623730951, 1.0, 4.242640687119285, 3.0, 1.4142135623730951, 0, 0, 0, 0, 0, 0, 0, 0, 7, 2, 3, -3]
3 2
[2.0, 1.4142135623730951, 1.0, 1.4142135623730951, 1.0, 1.4142135623730951, 1.0, 1.4142135623730951, 0, 0, 0, 0, 0, 0, 0, 0, 7, 2, 3, -3]
5 1
[1.0, 1.4142135623730951, 1.0, 1.4142135623730951, 1.0, 1.4142135623730951, 16.0, 2.8284271247461903, 0, 0, 0, 0, 0, 0, 0, 0, 6, 1, 4, -2]
6 2
[3.0, 2.8284271247461903, 1.0, 2.8284271247461903, 2.0, 2.8284271247461903, 15.0, 1.4142135623730951, 0, 0, 0, 0, 0, 0, 0, 0, 6, 1, 4, -2]
5 3
[1.0, 1.4142135623730951, 1.0, 1.4142135623730951, 1.0, 4.242640687119285, 2.0, 2.8284271247461903, 0, 0, 0, 0, 0, 0, 0, 0, 6, 1, 4, -2]
6 1
[1.0, 1.4142135623730951, 2.0, 1.4142135623730951, 1.0, 1.4142135623730951, 15.0, 2.8284271247461903, 0, 0, 0, 0, 0, 0, 0, 0, 12, 6, 4, -2]
7 2
[1.0, 2.8284271247461903, 1.0, 2.8284271247461903, 2.0, 2.8284271247461903, 14.0, 1.4142135623730951, 0, 0, 0, 0, 0, 0, 0, 0, 12, 6, 4, -2]
6 3
[2.0, 1.4142135623730951, 2.0, 1.4142135623730951, 1.0, 4.242640687119285, 1.0, 1.4142135623730951, 0, 0, 0, 0, 0, 0, 0, 0, 12, 6, 4, -2]
7 1
[1.0, 1.4142135623730951, 3.0, 1.4142135623730951, 1.0, 1.4142135623730951, 14.0, 2.8284271247461903, 0, 0, 0, 0, 0, 0, 0, 0, 12, 6, 4, -2]
8 2
[1.0, 1.4142135623730951, 1.0, 2.8284271247461903, 2.0, 2.8284271247461903, 13.0, 1.4142135623730951, 0, 0, 0, 0, 0, 0, 0, 0, 12, 6, 4, -2]
8 1
[1.0, 1.4142135623730951, 4.0, 1.4142135623730951, 1.0, 1.4142135623730951, 13.0, 11.313708498984761, 0, 0, 0, 0, 0, 0, 0, 0, 12, 6, 4, -2]
9 2
[1.0, 1.4142135623730951, 1.0, 2.8284271247461903, 2.0, 2.8284271247461903, 12.0, 9.899494936611665, 0, 0, 0, 0, 0, 0, 0, 0, 12, 6, 4, -2]
9 1
[2.0, 1.4142135623730951, 1.0, 1.4142135623730951, 1.0, 1.4142135623730951, 12.0, 11.313708498984761, 0, 0, 0, 0, 0, 0, 0, 0, 12, 6, 4, -1]
7 1
[1.0, 1.4142135623730951, 3.0, 1.4142135623730951, 1.0, 1.4142135623730951, 1.0, 1.4142135623730951, 0, 0, 0, 0, 0, 0, 0, 0, 12, 6, 4, -1]
10 1
[19.0, 2.8284271247461903, 1.0, 1.4142135623730951, 1.0, 1.4142135623730951, 11.0, 11.313708498984761, 0, 0, 0, 0, 0, 0, 0, 0, 12, 6, 4, 0]
9 2
[1.0, 1.4142135623730951, 1.0, 1.4142135623730951, 1.0, 2.8284271247461903, 12.0, 9.899494936611665, 0, 0, 0, 0, 0, 0, 0, 0, 12, 6, 4, 0]
11 1
[19.0, 2.8284271247461903, 1.0, 1.4142135623730951, 1.0, 1.4142135623730951, 10.0, 14.142135623730951, 0, 0, 0, 0, 0, 0, 0, 0, 12, 6, 4, 0]
10 2
[18.0, 1.4142135623730951, 2.0, 1.4142135623730951, 1.0, 2.8284271247461903, 11.0, 9.899494936611665, 0, 0, 0, 0, 0, 0, 0, 0, 12, 6, 4, 0]
12 1
[17.0, 4.242640687119285, 1.0, 1.4142135623730951, 1.0, 1.4142135623730951, 9.0, 5.656854249492381, 1, 0, 0, 0, 0, 0, 0, 0, 12, 6, 4, 0]
11 2
[18.0, 2.8284271247461903, 3.0, 1.4142135623730951, 1.0, 2.8284271247461903, 10.0, 9.899494936611665, 0, 0, 0, 0, 0, 0, 0, 0, 12, 6, 4, 0]
12 2
[16.0, 4.242640687119285, 1.0, 1.4142135623730951, 2.0, 2.8284271247461903, 9.0, 12.727922061357855, 1, 0, 0, 0, 0, 0, 0, 0, 12, 6, 4, 0]
11 3
[17.0, 2.8284271247461903, 2.0, 2.8284271247461903, 1.0, 4.242640687119285, 5.0, 8.48528137423857, 0, 0, 0, 0, 0, 0, 0, 0, 12, 6, 4, 0]
10 2
[18.0, 1.4142135623730951, 2.0, 1.4142135623730951, 1.0, 1.4142135623730951, 1.0, 9.899494936611665, 0, 0, 0, 0, 0, 0, 0, 0, 12, 6, 4, 0]
12 1
[1.0, 1.4142135623730951, 1.0, 1.4142135623730951, 1.0, 1.4142135623730951, 9.0, 5.656854249492381, 0, 0, 0, 0, 0, 0, 0, 0, 12, 6, 4, 0]
13 2
[16.0, 9.899494936611665, 1.0, 2.8284271247461903, 2.0, 2.8284271247461903, 8.0, 4.242640687119285, 1, 0, 0, 0, 0, 0, 0, 0, 12, 6, 4, 0]
12 3
[15.0, 8.48528137423857, 3.0, 1.4142135623730951, 1.0, 4.242640687119285, 4.0, 8.48528137423857, 1, 0, 0, 0, 0, 0, 0, 0, 12, 6, 4, 0]
13 3
[15.0, 8.48528137423857, 1.0, 1.4142135623730951, 3.0, 4.242640687119285, 3.0, 11.313708498984761, 1, 0, 0, 0, 0, 0, 0, 0, 12, 6, 4, 0]
12 4
[14.0, 7.0710678118654755, 3.0, 4.242640687119285, 1.0, 5.656854249492381, 4.0, 7.0710678118654755, 1, 0, 0, 0, 0, 0, 0, 0, 12, 6, 4, 0]
11 3
[17.0, 2.8284271247461903, 2.0, 2.8284271247461903, 1.0, 1.4142135623730951, 1.0, 8.48528137423857, 0, 0, 0, 0, 0, 0, 0, 0, 12, 6, 4, 0]
13 2
[1.0, 1.4142135623730951, 1.0, 2.8284271247461903, 2.0, 2.8284271247461903, 8.0, 4.242640687119285, 0, 0, 0, 0, 0, 0, 0, 0, 12, 6, 4, 0]
14 3
[14.0, 8.48528137423857, 1.0, 4.242640687119285, 3.0, 4.242640687119285, 2.0, 2.8284271247461903, 1, 0, 0, 0, 0, 0, 0, 0, 12, 6, 4, 0]
13 4
[14.0, 7.0710678118654755, 4.0, 1.4142135623730951, 1.0, 5.656854249492381, 3.0, 7.0710678118654755, 1, 0, 0, 0, 0, 0, 0, 0, 12, 6, 4, 0]
14 4
[13.0, 7.0710678118654755, 1.0, 1.4142135623730951, 4.0, 5.656854249492381, 2.0, 9.899494936611665, 1, 0, 0, 0, 0, 0, 0, 0, 12, 6, 4, 0]
13 5
[13.0, 5.656854249492381, 4.0, 5.656854249492381, 1.0, 7.0710678118654755, 3.0, 5.656854249492381, 1, 0, 0, 0, 0, 0, 0, 0, 12, 6, 4, 0]
12 4
[14.0, 7.0710678118654755, 3.0, 4.242640687119285, 1.0, 1.4142135623730951, 1.0, 7.0710678118654755, 1, 0, 0, 0, 0, 0, 0, 0, 12, 6, 4, 0]
14 3
[1.0, 1.4142135623730951, 1.0, 4.242640687119285, 3.0, 4.242640687119285, 2.0, 2.8284271247461903, 0, 0, 0, 0, 0, 0, 0, 0, 12, 6, 4, 0]
15 4
[8.0, 8.48528137423857, 1.0, 5.656854249492381, 4.0, 1.4142135623730951, 1.0, 1.4142135623730951, 1, 0, 0, 0, 0, 0, 0, 0, 12, 6, 4, 0]
14 5
[12.0, 7.0710678118654755, 5.0, 1.4142135623730951, 1.0, 2.8284271247461903, 2.0, 5.656854249492381, 1, 0, 0, 0, 0, 0, 0, 0, 12, 6, 4, 0]
15 5
[6.0, 8.48528137423857, 1.0, 1.4142135623730951, 5.0, 1.4142135623730951, 1.0, 8.48528137423857, 1, 0, 0, 0, 0, 0, 0, 0, 12, 6, 4, 0]
14 6
[11.0, 7.0710678118654755, 8.0, 7.0710678118654755, 1.0, 2.8284271247461903, 7.0, 4.242640687119285, 1, 0, 0, 0, 0, 0, 0, 0, 12, 6, 4, 0]
13 5
[13.0, 5.656854249492381, 4.0, 5.656854249492381, 1.0, 1.4142135623730951, 1.0, 5.656854249492381, 1, 0, 0, 0, 0, 0, 0, 0, 12, 6, 4, 0]
15 6
[4.0, 19.79898987322333, 1.0, 1.4142135623730951, 6.0, 1.4142135623730951, 6.0, 4.242640687119285, 1, 0, 0, 0, 0, 0, 0, 0, 12, 6, 4, 0]
14 7
[10.0, 18.384776310850235, 8.0, 8.48528137423857, 1.0, 2.8284271247461903, 7.0, 2.8284271247461903, 1, 0, 0, 0, 0, 0, 0, 0, 12, 6, 4, 0]
13 6
[12.0, 5.656854249492381, 7.0, 7.0710678118654755, 2.0, 1.4142135623730951, 1.0, 4.242640687119285, 1, 0, 0, 0, 0, 0, 0, 0, 12, 6, 4, 0]
15 7
[2.0, 11.313708498984761, 1.0, 1.4142135623730951, 7.0, 2.8284271247461903, 6.0, 2.8284271247461903, 1, 0, 0, 0, 0, 0, 0, 0, 12, 6, 4, 0]
14 8
[9.0, 9.899494936611665, 8.0, 7.0710678118654755, 1.0, 4.242640687119285, 7.0, 1.4142135623730951, 1, 0, 0, 0, 0, 0, 0, 1, 12, 6, 4, 0]
13 7
[11.0, 5.656854249492381, 7.0, 5.656854249492381, 3.0, 1.4142135623730951, 1.0, 2.8284271247461903, 1, 0, 0, 0, 0, 0, 0, 1, 12, 6, 4, 0]
15 8
[1.0, 9.899494936611665, 1.0, 1.4142135623730951, 8.0, 4.242640687119285, 6.0, 1.4142135623730951, 1, 0, 0, 0, 0, 0, 0, 0, 12, 6, 3, 1]
14 9
[8.0, 8.48528137423857, 5.0, 7.0710678118654755, 1.0, 1.4142135623730951, 1.0, 1.4142135623730951, 1, 0, 0, 0, 0, 1, 1, 1, 12, 6, 4, 0]
13 8
[10.0, 16.97056274847714, 7.0, 5.656854249492381, 4.0, 1.4142135623730951, 1.0, 2.8284271247461903, 1, 0, 0, 0, 0, 0, 0, 1, 12, 6, 4, 0]
13 7
[1.0, 5.656854249492381, 7.0, 5.656854249492381, 3.0, 1.4142135623730951, 1.0, 1.4142135623730951, 0, 0, 0, 0, 0, 0, 0, 0, 12, 6, 4, 0]
13 9
[9.0, 8.48528137423857, 4.0, 5.656854249492381, 1.0, 1.4142135623730951, 2.0, 2.8284271247461903, 1, 0, 0, 0, 0, 0, 1, 1, 12, 6, 4, 0]
12 8
[10.0, 4.242640687119285, 6.0, 4.242640687119285, 5.0, 2.8284271247461903, 1.0, 4.242640687119285, 1, 0, 0, 0, 0, 0, 0, 1, 12, 6, 4, 0]
12 7
[1.0, 4.242640687119285, 6.0, 4.242640687119285, 4.0, 2.8284271247461903, 2.0, 1.4142135623730951, 0, 0, 0, 0, 0, 0, 0, 0, 12, 6, 4, 0]
12 9
[9.0, 15.556349186104045, 3.0, 5.656854249492381, 1.0, 1.4142135623730951, 3.0, 4.242640687119285, 1, 0, 0, 0, 0, 0, 1, 1, 12, 6, 4, 0]
11 8
[12.0, 2.8284271247461903, 5.0, 4.242640687119285, 6.0, 4.242640687119285, 1.0, 5.656854249492381, 0, 0, 0, 0, 0, 0, 0, 1, 12, 6, 4, 0]
11 7
[1.0, 2.8284271247461903, 5.0, 2.8284271247461903, 5.0, 4.242640687119285, 3.0, 1.4142135623730951, 0, 0, 0, 0, 0, 0, 0, 0, 12, 6, 4, 0]
11 9
[11.0, 2.8284271247461903, 2.0, 5.656854249492381, 1.0, 1.4142135623730951, 4.0, 5.656854249492381, 0, 0, 0, 0, 0, 0, 1, 1, 12, 6, 4, 0]
10 8
[12.0, 1.4142135623730951, 4.0, 4.242640687119285, 7.0, 5.656854249492381, 1.0, 7.0710678118654755, 0, 0, 0, 0, 0, 0, 0, 1, 12, 6, 4, 0]
10 7
[1.0, 2.8284271247461903, 4.0, 2.8284271247461903, 6.0, 4.242640687119285, 4.0, 1.4142135623730951, 0, 0, 0, 0, 0, 0, 0, 0, 12, 6, 4, 0]
10 9
[11.0, 1.4142135623730951, 1.0, 5.656854249492381, 1.0, 1.4142135623730951, 5.0, 7.0710678118654755, 0, 0, 0, 0, 0, 0, 1, 1, 12, 6, 4, 0]
9 8
[1.0, 1.4142135623730951, 3.0, 4.242640687119285, 3.0, 5.656854249492381, 1.0, 8.48528137423857, 0, 0, 0, 0, 0, 0, 0, 1, 12, 6, 4, 0]
9 7
[1.0, 2.8284271247461903, 3.0, 2.8284271247461903, 2.0, 5.656854249492381, 5.0, 1.4142135623730951, 0, 0, 0, 0, 0, 0, 0, 0, 12, 6, 4, 0]
8 8
[1.0, 1.4142135623730951, 2.0, 2.8284271247461903, 3.0, 7.0710678118654755, 1.0, 1.4142135623730951, 0, 0, 0, 0, 0, 0, 0, 0, 12, 6, 4, 0]
9 6
[1.0, 4.242640687119285, 3.0, 1.4142135623730951, 1.0, 4.242640687119285, 5.0, 2.8284271247461903, 0, 0, 0, 0, 0, 0, 0, 0, 12, 6, 4, 0]
10 7
[1.0, 1.4142135623730951, 1.0, 2.8284271247461903, 6.0, 4.242640687119285, 4.0, 1.4142135623730951, 0, 0, 0, 0, 0, 0, 0, 0, 12, 6, 4, 0]
8 7
[2.0, 2.8284271247461903, 2.0, 2.8284271247461903, 2.0, 5.656854249492381, 1.0, 1.4142135623730951, 0, 0, 0, 0, 0, 0, 0, 0, 12, 6, 4, 0]
10 6
[1.0, 1.4142135623730951, 4.0, 1.4142135623730951, 5.0, 4.242640687119285, 4.0, 2.8284271247461903, 0, 0, 0, 0, 0, 0, 0, 0, 12, 6, 4, 0]
11 7
[1.0, 1.4142135623730951, 1.0, 2.8284271247461903, 5.0, 4.242640687119285, 3.0, 1.4142135623730951, 0, 0, 0, 0, 0, 0, 0, 0, 12, 6, 4, 0]
10 8
[12.0, 1.4142135623730951, 1.0, 1.4142135623730951, 1.0, 5.656854249492381, 1.0, 7.0710678118654755, 0, 0, 0, 0, 0, 0, 0, 1, 12, 6, 3, -1]
10 5
[1.0, 5.656854249492381, 1.0, 1.4142135623730951, 4.0, 2.8284271247461903, 4.0, 4.242640687119285, 0, 0, 0, 0, 0, 0, 0, 0, 12, 6, 4, 0]
11 6
[2.0, 1.4142135623730951, 1.0, 2.8284271247461903, 4.0, 2.8284271247461903, 3.0, 2.8284271247461903, 0, 0, 0, 0, 0, 0, 0, 0, 12, 6, 4, 0]
9 6
[1.0, 4.242640687119285, 3.0, 1.4142135623730951, 1.0, 4.242640687119285, 1.0, 1.4142135623730951, 0, 0, 0, 0, 0, 0, 0, 0, 12, 6, 4, 0]
11 5
[1.0, 1.4142135623730951, 2.0, 2.8284271247461903, 3.0, 2.8284271247461903, 3.0, 4.242640687119285, 0, 0, 0, 0, 0, 0, 0, 0, 12, 6, 4, 1]
12 6
[2.0, 2.8284271247461903, 1.0, 4.242640687119285, 3.0, 2.8284271247461903, 2.0, 2.8284271247461903, 0, 0, 0, 0, 0, 0, 0, 0, 12, 6, 4, 1]
11 7
[1.0, 1.4142135623730951, 1.0, 1.4142135623730951, 1.0, 4.242640687119285, 3.0, 1.4142135623730951, 0, 0, 0, 0, 0, 0, 0, 0, 12, 6, 4, 1]
11 4
[1.0, 7.0710678118654755, 2.0, 4.242640687119285, 2.0, 1.4142135623730951, 2.0, 4.242640687119285, 0, 0, 0, 0, 0, 0, 0, 0, 12, 6, 4, 2]
12 5
[3.0, 1.4142135623730951, 1.0, 5.656854249492381, 2.0, 1.4142135623730951, 2.0, 2.8284271247461903, 0, 0, 0, 0, 0, 0, 0, 0, 12, 6, 4, 2]
10 5
[1.0, 5.656854249492381, 1.0, 1.4142135623730951, 4.0, 2.8284271247461903, 1.0, 1.4142135623730951, 0, 0, 0, 0, 0, 0, 0, 0, 12, 6, 4, 2]
11 3
[1.0, 2.8284271247461903, 2.0, 2.8284271247461903, 1.0, 1.4142135623730951, 1.0, 4.242640687119285, 0, 0, 0, 0, 0, 0, 0, 0, 12, 6, 4, 2]
12 4
[4.0, 1.4142135623730951, 1.0, 4.242640687119285, 1.0, 1.4142135623730951, 1.0, 2.8284271247461903, 0, 0, 0, 0, 0, 0, 0, 0, 12, 6, 4, 2]
10 4
[2.0, 1.4142135623730951, 1.0, 1.4142135623730951, 3.0, 2.8284271247461903, 1.0, 1.4142135623730951, 0, 0, 0, 0, 0, 0, 0, 0, 12, 6, 4, 2]
12 3
[1.0, 1.4142135623730951, 3.0, 1.4142135623730951, 1.0, 4.242640687119285, 1.0, 1.4142135623730951, 0, 0, 0, 0, 0, 0, 0, 0, 12, 6, 3, 1]
13 4
[4.0, 2.8284271247461903, 1.0, 1.4142135623730951, 1.0, 5.656854249492381, 1.0, 1.4142135623730951, 0, 0, 0, 0, 0, 0, 0, 0, 12, 6, 3, 1]
12 5
[3.0, 1.4142135623730951, 1.0, 1.4142135623730951, 1.0, 1.4142135623730951, 2.0, 2.8284271247461903, 0, 0, 0, 0, 0, 0, 0, 0, 12, 6, 4, 2]
12 2
[1.0, 4.242640687119285, 1.0, 1.4142135623730951, 2.0, 2.8284271247461903, 9.0, 1.4142135623730951, 0, 0, 0, 0, 0, 0, 0, 0, 11, 6, 3, 0]
13 3
[1.0, 1.4142135623730951, 1.0, 1.4142135623730951, 3.0, 4.242640687119285, 3.0, 1.4142135623730951, 0, 0, 0, 0, 0, 0, 0, 0, 11, 6, 3, 0]
11 3
[1.0, 2.8284271247461903, 2.0, 2.8284271247461903, 1.0, 1.4142135623730951, 1.0, 1.4142135623730951, 0, 0, 0, 0, 0, 0, 0, 0, 11, 6, 4, 1]
13 2
[1.0, 1.4142135623730951, 1.0, 2.8284271247461903, 2.0, 2.8284271247461903, 8.0, 4.242640687119285, 0, 0, 0, 0, 0, 0, 0, 0, 10, 5, 4, 0]
14 3
[1.0, 1.4142135623730951, 1.0, 4.242640687119285, 3.0, 4.242640687119285, 2.0, 2.8284271247461903, 0, 0, 0, 0, 0, 0, 0, 0, 10, 5, 4, 0]
13 4
[4.0, 2.8284271247461903, 1.0, 1.4142135623730951, 1.0, 5.656854249492381, 1.0, 1.4142135623730951, 0, 0, 0, 0, 0, 0, 0, 0, 10, 5, 3, -1]
14 2
[1.0, 1.4142135623730951, 2.0, 2.8284271247461903, 2.0, 2.8284271247461903, 7.0, 2.8284271247461903, 0, 0, 0, 0, 0, 0, 0, 0, 9, 4, 4, 0]
15 3
[3.0, 1.4142135623730951, 1.0, 4.242640687119285, 3.0, 4.242640687119285, 1.0, 1.4142135623730951, 1, 0, 0, 0, 0, 0, 0, 0, 9, 4, 4, 0]
14 4
[1.0, 5.656854249492381, 1.0, 1.4142135623730951, 1.0, 5.656854249492381, 2.0, 2.8284271247461903, 0, 0, 0, 0, 0, 0, 0, 1, 9, 4, 3, -1]
15 2
[1.0, 1.4142135623730951, 3.0, 2.8284271247461903, 2.0, 2.8284271247461903, 6.0, 1.4142135623730951, 0, 0, 0, 0, 0, 0, 0, 0, 8, 3, 4, 0]
15 4
[2.0, 1.4142135623730951, 1.0, 1.4142135623730951, 1.0, 1.4142135623730951, 1.0, 1.4142135623730951, 1, 0, 0, 0, 0, 0, 0, 0, 8, 3, 4, 0]
15 1
[1.0, 2.8284271247461903, 4.0, 1.4142135623730951, 1.0, 1.4142135623730951, 6.0, 2.8284271247461903, 0, 0, 0, 0, 0, 0, 0, 0, 7, 2, 4, 0]
16 2
[1.0, 1.4142135623730951, 1.0, 2.8284271247461903, 2.0, 2.8284271247461903, 5.0, 1.4142135623730951, 0, 0, 0, 0, 0, 0, 0, 0, 7, 2, 4, 0]
14 2
[1.0, 1.4142135623730951, 2.0, 2.8284271247461903, 2.0, 2.8284271247461903, 1.0, 1.4142135623730951, 0, 0, 0, 0, 0, 0, 0, 0, 7, 2, 4, 0]
16 1
[2.0, 1.4142135623730951, 1.0, 1.4142135623730951, 1.0, 1.4142135623730951, 5.0, 2.8284271247461903, 0, 0, 0, 0, 0, 0, 0, 0, 6, 1, 4, 0]
14 1
[2.0, 2.8284271247461903, 3.0, 1.4142135623730951, 1.0, 1.4142135623730951, 1.0, 1.4142135623730951, 0, 0, 0, 0, 0, 0, 0, 0, 6, 1, 4, 0]
17 1
[2.0, 2.8284271247461903, 1.0, 1.4142135623730951, 1.0, 1.4142135623730951, 4.0, 5.656854249492381, 0, 0, 0, 0, 0, 0, 0, 0, 12, 6, 4, 0]
16 2
[1.0, 1.4142135623730951, 1.0, 1.4142135623730951, 1.0, 2.8284271247461903, 5.0, 1.4142135623730951, 0, 0, 0, 0, 0, 0, 0, 0, 12, 6, 4, 0]
18 1
[2.0, 2.8284271247461903, 1.0, 1.4142135623730951, 1.0, 1.4142135623730951, 3.0, 4.242640687119285, 0, 0, 0, 0, 0, 0, 0, 0, 12, 6, 4, 0]
17 2
[1.0, 1.4142135623730951, 2.0, 1.4142135623730951, 1.0, 2.8284271247461903, 4.0, 1.4142135623730951, 0, 0, 0, 0, 0, 0, 0, 0, 12, 6, 4, 0]
19 1
[6.0, 2.8284271247461903, 1.0, 1.4142135623730951, 1.0, 1.4142135623730951, 2.0, 2.8284271247461903, 1, 0, 0, 0, 0, 0, 0, 0, 12, 6, 4, 0]
18 2
[1.0, 1.4142135623730951, 3.0, 1.4142135623730951, 1.0, 2.8284271247461903, 3.0, 4.242640687119285, 0, 0, 0, 0, 0, 0, 0, 1, 12, 6, 4, 0]
19 2
[5.0, 1.4142135623730951, 1.0, 1.4142135623730951, 2.0, 2.8284271247461903, 2.0, 2.8284271247461903, 1, 0, 0, 0, 0, 0, 0, 1, 12, 6, 4, 0]
17 2
[1.0, 1.4142135623730951, 2.0, 1.4142135623730951, 1.0, 1.4142135623730951, 1.0, 1.4142135623730951, 0, 0, 0, 0, 0, 0, 0, 0, 12, 6, 4, 0]
19 1
[1.0, 1.4142135623730951, 1.0, 1.4142135623730951, 1.0, 1.4142135623730951, 2.0, 2.8284271247461903, 0, 0, 0, 0, 0, 0, 0, 0, 12, 6, 4, 0]
20 2
[2.0, 2.8284271247461903, 1.0, 2.8284271247461903, 2.0, 1.4142135623730951, 1.0, 1.4142135623730951, 1, 0, 0, 0, 0, 0, 0, 0, 12, 6, 4, 0]
19 3
[4.0, 1.4142135623730951, 1.0, 1.4142135623730951, 1.0, 2.8284271247461903, 2.0, 1.4142135623730951, 1, 0, 0, 0, 0, 0, 0, 1, 12, 6, 4, 0]
20 1
[1.0, 1.4142135623730951, 2.0, 1.4142135623730951, 1.0, 1.4142135623730951, 1.0, 1.4142135623730951, 0, 0, 0, 0, 0, 0, 0, 0, 12, 6, 4, 0]
21 2
[2.0, 1.4142135623730951, 1.0, 2.8284271247461903, 2.0, 1.4142135623730951, 1.0, 1.4142135623730951, 1, 1, 0, 0, 0, 0, 0, 0, 12, 6, 4, 0]
20 3
[1.0, 2.8284271247461903, 2.0, 1.4142135623730951, 1.0, 1.4142135623730951, 1.0, 1.4142135623730951, 1, 0, 0, 0, 0, 0, 0, 1, 12, 6, 3, 1]
Winner side: Yellow
Details:
  Scores:
    Blue -> 71
    Yellow -> 72
