Loading config from configs\gamecfg167.json
Loading neural network from nn\nn_167.pkl
Starting client
Connecting to host 'localhost' port 8167
Connected successfully
joined the game successfully
Side: Blue
2 1
[19.0, 2.8284271247461903, 1.0, 1.4142135623730951, 1.0, 1.4142135623730951, 19.0, 19.79898987322333, 0, 0, 0, 0, 0, 0, 0, 0, 12, 6, 4, 1]
1 2
[18.0, 1.4142135623730951, 1.0, 1.4142135623730951, 1.0, 2.8284271247461903, 20.0, 9.899494936611665, 0, 0, 0, 0, 0, 0, 0, 0, 12, 6, 4, 1]
2 2
[18.0, 2.8284271247461903, 1.0, 1.4142135623730951, 2.0, 2.8284271247461903, 19.0, 9.899494936611665, 0, 0, 0, 0, 0, 0, 0, 0, 12, 6, 4, 1]
1 3
[17.0, 1.4142135623730951, 1.0, 1.4142135623730951, 1.0, 4.242640687119285, 6.0, 8.48528137423857, 0, 0, 0, 0, 0, 0, 0, 0, 12, 6, 4, 1]
2 1
[1.0, 1.4142135623730951, 1.0, 1.4142135623730951, 1.0, 1.4142135623730951, 19.0, 19.79898987322333, 0, 0, 0, 0, 0, 0, 0, 0, 12, 6, 4, 1]
3 2
[18.0, 4.242640687119285, 1.0, 2.8284271247461903, 2.0, 2.8284271247461903, 18.0, 18.384776310850235, 0, 0, 0, 0, 0, 0, 0, 0, 12, 6, 4, 1]
2 3
[17.0, 2.8284271247461903, 2.0, 1.4142135623730951, 1.0, 4.242640687119285, 5.0, 8.48528137423857, 0, 0, 0, 0, 0, 0, 0, 0, 12, 6, 4, 1]
3 1
[19.0, 1.4142135623730951, 1.0, 1.4142135623730951, 1.0, 1.4142135623730951, 18.0, 5.656854249492381, 0, 0, 0, 0, 0, 0, 0, 0, 12, 6, 4, 1]
1 1
[1.0, 1.4142135623730951, 1.0, 1.4142135623730951, 1.0, 1.4142135623730951, 1.0, 1.4142135623730951, 0, 0, 0, 0, 0, 0, 0, 0, 12, 6, 3, 0]
1 2
[18.0, 1.4142135623730951, 1.0, 1.4142135623730951, 1.0, 1.4142135623730951, 1.0, 9.899494936611665, 0, 0, 0, 0, 0, 0, 0, 0, 11, 6, 3, 0]
2 2
[18.0, 2.8284271247461903, 1.0, 1.4142135623730951, 1.0, 2.8284271247461903, 19.0, 9.899494936611665, 0, 0, 0, 0, 0, 0, 0, 0, 10, 5, 3, 0]
1 3
[17.0, 1.4142135623730951, 1.0, 1.4142135623730951, 1.0, 1.4142135623730951, 6.0, 8.48528137423857, 0, 0, 0, 0, 0, 0, 0, 0, 10, 5, 4, 1]
2 1
[1.0, 1.4142135623730951, 1.0, 1.4142135623730951, 1.0, 1.4142135623730951, 19.0, 19.79898987322333, 0, 0, 0, 0, 0, 0, 0, 0, 9, 4, 3, 0]
3 2
[18.0, 4.242640687119285, 1.0, 1.4142135623730951, 2.0, 2.8284271247461903, 18.0, 18.384776310850235, 0, 0, 0, 0, 0, 0, 0, 0, 9, 4, 4, 1]
2 3
[17.0, 2.8284271247461903, 2.0, 1.4142135623730951, 1.0, 4.242640687119285, 5.0, 8.48528137423857, 0, 0, 0, 0, 0, 0, 0, 0, 9, 4, 4, 1]
3 1
[19.0, 1.4142135623730951, 1.0, 1.4142135623730951, 1.0, 1.4142135623730951, 18.0, 5.656854249492381, 0, 0, 0, 0, 0, 0, 0, 0, 8, 3, 4, 1]
1 1
[1.0, 1.4142135623730951, 1.0, 1.4142135623730951, 1.0, 1.4142135623730951, 1.0, 1.4142135623730951, 0, 0, 0, 0, 0, 0, 0, 0, 8, 3, 3, 0]
1 2
[18.0, 1.4142135623730951, 1.0, 1.4142135623730951, 1.0, 1.4142135623730951, 1.0, 9.899494936611665, 0, 0, 0, 0, 0, 0, 0, 0, 7, 2, 3, 0]
2 2
[18.0, 2.8284271247461903, 1.0, 1.4142135623730951, 1.0, 2.8284271247461903, 19.0, 9.899494936611665, 0, 0, 0, 0, 0, 0, 0, 0, 6, 1, 3, 0]
1 3
[17.0, 1.4142135623730951, 1.0, 1.4142135623730951, 1.0, 1.4142135623730951, 6.0, 8.48528137423857, 0, 0, 0, 0, 0, 0, 0, 0, 6, 1, 4, 1]
2 1
[1.0, 1.4142135623730951, 1.0, 1.4142135623730951, 1.0, 1.4142135623730951, 19.0, 19.79898987322333, 0, 0, 0, 0, 0, 0, 0, 0, 12, 6, 2, 0]
3 2
[18.0, 4.242640687119285, 1.0, 1.4142135623730951, 2.0, 2.8284271247461903, 18.0, 18.384776310850235, 0, 0, 0, 0, 0, 0, 0, 0, 12, 6, 3, 1]
2 3
[17.0, 2.8284271247461903, 2.0, 1.4142135623730951, 1.0, 4.242640687119285, 5.0, 8.48528137423857, 0, 0, 0, 0, 0, 0, 0, 0, 12, 6, 3, 1]
3 1
[19.0, 1.4142135623730951, 1.0, 1.4142135623730951, 1.0, 1.4142135623730951, 18.0, 5.656854249492381, 0, 0, 0, 0, 0, 0, 0, 0, 12, 6, 2, 1]
1 1
[1.0, 1.4142135623730951, 1.0, 1.4142135623730951, 1.0, 1.4142135623730951, 1.0, 1.4142135623730951, 0, 0, 0, 0, 0, 0, 0, 0, 12, 6, 1, 0]
1 2
[18.0, 1.4142135623730951, 1.0, 1.4142135623730951, 1.0, 1.4142135623730951, 1.0, 9.899494936611665, 0, 0, 0, 0, 0, 0, 0, 0, 12, 6, 1, -40]
2 2
[18.0, 2.8284271247461903, 1.0, 1.4142135623730951, 1.0, 2.8284271247461903, 19.0, 9.899494936611665, 0, 0, 0, 0, 0, 0, 0, 0, 12, 6, 0, -40]
1 3
[17.0, 1.4142135623730951, 1.0, 1.4142135623730951, 1.0, 1.4142135623730951, 6.0, 8.48528137423857, 0, 0, 0, 0, 0, 0, 0, 0, 12, 6, 0, 1]
Winner side: draw
Details:
  Scores:
    Blue -> -36
    Yellow -> -36
