Loading config from configs\gamecfg29.json
Loading neural network from nn\nn_29.pkl
Starting client
Connecting to host 'localhost' port 8029
Connected successfully
joined the game successfully
Side: Blue
2 1
[19.0, 2.8284271247461903, 1.0, 1.4142135623730951, 1.0, 1.4142135623730951, 19.0, 19.79898987322333, 0, 0, 0, 0, 0, 0, 0, 0, 12, 6, 4, 1]
1 2
[18.0, 1.4142135623730951, 1.0, 1.4142135623730951, 1.0, 2.8284271247461903, 20.0, 9.899494936611665, 0, 0, 0, 0, 0, 0, 0, 0, 12, 6, 4, 1]
2 2
[18.0, 2.8284271247461903, 1.0, 1.4142135623730951, 2.0, 2.8284271247461903, 19.0, 9.899494936611665, 0, 0, 0, 0, 0, 0, 0, 0, 12, 6, 4, 1]
1 3
[17.0, 1.4142135623730951, 1.0, 1.4142135623730951, 1.0, 4.242640687119285, 6.0, 8.48528137423857, 0, 0, 0, 0, 0, 0, 0, 0, 12, 6, 4, 1]
2 1
[1.0, 1.4142135623730951, 1.0, 1.4142135623730951, 1.0, 1.4142135623730951, 19.0, 19.79898987322333, 0, 0, 0, 0, 0, 0, 0, 0, 12, 6, 4, 1]
3 2
[18.0, 4.242640687119285, 1.0, 2.8284271247461903, 2.0, 2.8284271247461903, 18.0, 18.384776310850235, 0, 0, 0, 0, 0, 0, 0, 0, 12, 6, 4, 1]
2 3
[17.0, 2.8284271247461903, 2.0, 1.4142135623730951, 1.0, 4.242640687119285, 5.0, 8.48528137423857, 0, 0, 0, 0, 0, 0, 0, 0, 12, 6, 4, 1]
3 1
[1.0, 1.4142135623730951, 2.0, 1.4142135623730951, 1.0, 1.4142135623730951, 18.0, 5.656854249492381, 0, 0, 0, 0, 0, 0, 0, 0, 12, 6, 4, 1]
4 2
[18.0, 5.656854249492381, 1.0, 2.8284271247461903, 2.0, 2.8284271247461903, 17.0, 4.242640687119285, 0, 0, 0, 0, 0, 0, 0, 0, 12, 6, 4, 1]
3 3
[17.0, 4.242640687119285, 3.0, 1.4142135623730951, 1.0, 4.242640687119285, 4.0, 8.48528137423857, 0, 0, 0, 0, 0, 0, 0, 0, 12, 6, 4, 1]
4 1
[1.0, 1.4142135623730951, 3.0, 1.4142135623730951, 1.0, 1.4142135623730951, 17.0, 4.242640687119285, 0, 0, 0, 0, 0, 0, 0, 0, 12, 6, 4, 1]
5 2
[18.0, 7.0710678118654755, 1.0, 2.8284271247461903, 2.0, 2.8284271247461903, 16.0, 2.8284271247461903, 0, 0, 0, 0, 0, 0, 0, 0, 12, 6, 4, 1]
4 3
[17.0, 5.656854249492381, 4.0, 1.4142135623730951, 1.0, 4.242640687119285, 3.0, 16.97056274847714, 0, 0, 0, 0, 0, 0, 0, 0, 12, 6, 4, 1]
5 1
[1.0, 1.4142135623730951, 4.0, 1.4142135623730951, 1.0, 1.4142135623730951, 16.0, 2.8284271247461903, 0, 0, 0, 0, 0, 0, 0, 0, 12, 6, 4, 1]
6 2
[18.0, 8.48528137423857, 1.0, 2.8284271247461903, 2.0, 2.8284271247461903, 15.0, 1.4142135623730951, 0, 0, 0, 0, 0, 0, 0, 0, 12, 6, 4, 1]
5 3
[17.0, 7.0710678118654755, 5.0, 1.4142135623730951, 1.0, 4.242640687119285, 2.0, 2.8284271247461903, 0, 0, 0, 0, 0, 0, 0, 0, 12, 6, 4, 1]
6 1
[1.0, 1.4142135623730951, 5.0, 1.4142135623730951, 1.0, 1.4142135623730951, 15.0, 2.8284271247461903, 0, 0, 0, 0, 0, 0, 0, 0, 12, 6, 4, 1]
7 2
[1.0, 9.899494936611665, 1.0, 2.8284271247461903, 2.0, 2.8284271247461903, 14.0, 1.4142135623730951, 0, 0, 0, 0, 0, 0, 0, 0, 12, 6, 4, 1]
6 3
[17.0, 8.48528137423857, 6.0, 1.4142135623730951, 1.0, 4.242640687119285, 1.0, 1.4142135623730951, 0, 0, 0, 0, 0, 0, 0, 0, 12, 6, 4, 1]
7 1
[2.0, 1.4142135623730951, 1.0, 1.4142135623730951, 1.0, 1.4142135623730951, 14.0, 2.8284271247461903, 0, 0, 0, 0, 0, 0, 0, 0, 12, 6, 4, 1]
5 1
[1.0, 1.4142135623730951, 4.0, 1.4142135623730951, 1.0, 1.4142135623730951, 1.0, 1.4142135623730951, 0, 0, 0, 0, 0, 0, 0, 0, 12, 6, 4, 1]
8 1
[2.0, 11.313708498984761, 1.0, 1.4142135623730951, 1.0, 1.4142135623730951, 13.0, 11.313708498984761, 0, 0, 0, 0, 0, 0, 0, 0, 12, 6, 4, 1]
7 2
[1.0, 9.899494936611665, 1.0, 1.4142135623730951, 1.0, 2.8284271247461903, 14.0, 1.4142135623730951, 0, 0, 0, 0, 0, 0, 0, 0, 12, 6, 4, 1]
8 2
[1.0, 1.4142135623730951, 1.0, 1.4142135623730951, 2.0, 2.8284271247461903, 13.0, 1.4142135623730951, 0, 0, 0, 0, 0, 0, 0, 0, 12, 6, 4, 1]
6 2
[18.0, 8.48528137423857, 1.0, 2.8284271247461903, 1.0, 1.4142135623730951, 1.0, 1.4142135623730951, 0, 0, 0, 0, 0, 0, 0, 0, 12, 6, 3, 0]
6 1
[1.0, 1.4142135623730951, 5.0, 1.4142135623730951, 1.0, 1.4142135623730951, 1.0, 1.4142135623730951, 0, 0, 0, 0, 0, 0, 0, 0, 11, 6, 3, -1]
6 3
[17.0, 8.48528137423857, 6.0, 1.4142135623730951, 1.0, 1.4142135623730951, 1.0, 1.4142135623730951, 0, 0, 0, 0, 0, 0, 0, 0, 11, 6, 4, 0]
5 2
[18.0, 7.0710678118654755, 1.0, 2.8284271247461903, 2.0, 1.4142135623730951, 1.0, 2.8284271247461903, 0, 0, 0, 0, 0, 0, 0, 0, 11, 6, 3, -1]
5 1
[1.0, 1.4142135623730951, 4.0, 1.4142135623730951, 1.0, 1.4142135623730951, 1.0, 1.4142135623730951, 0, 0, 0, 0, 0, 0, 0, 0, 10, 5, 4, -1]
5 3
[17.0, 7.0710678118654755, 5.0, 1.4142135623730951, 1.0, 1.4142135623730951, 2.0, 2.8284271247461903, 0, 0, 0, 0, 0, 0, 0, 0, 10, 5, 4, -1]
4 2
[18.0, 5.656854249492381, 1.0, 2.8284271247461903, 2.0, 2.8284271247461903, 1.0, 4.242640687119285, 0, 0, 0, 0, 0, 0, 0, 0, 10, 5, 3, -2]
6 3
[17.0, 8.48528137423857, 1.0, 1.4142135623730951, 1.0, 1.4142135623730951, 1.0, 1.4142135623730951, 0, 0, 0, 0, 0, 0, 0, 0, 9, 4, 4, -1]
5 4
[16.0, 7.0710678118654755, 5.0, 2.8284271247461903, 1.0, 2.8284271247461903, 2.0, 15.556349186104045, 0, 0, 0, 0, 0, 0, 0, 0, 9, 4, 4, -1]
4 3
[17.0, 5.656854249492381, 4.0, 1.4142135623730951, 1.0, 1.4142135623730951, 1.0, 16.97056274847714, 0, 0, 0, 0, 0, 0, 0, 0, 9, 4, 4, -1]
6 2
[1.0, 1.4142135623730951, 1.0, 2.8284271247461903, 1.0, 1.4142135623730951, 1.0, 1.4142135623730951, 0, 0, 0, 0, 0, 0, 0, 0, 8, 3, 3, -2]
6 4
[16.0, 8.48528137423857, 6.0, 1.4142135623730951, 1.0, 1.4142135623730951, 1.0, 1.4142135623730951, 0, 0, 0, 0, 0, 0, 0, 0, 8, 3, 4, -1]
6 5
[15.0, 8.48528137423857, 6.0, 4.242640687119285, 1.0, 1.4142135623730951, 1.0, 14.142135623730951, 0, 0, 0, 0, 0, 0, 0, 0, 7, 2, 4, -1]
5 4
[16.0, 7.0710678118654755, 5.0, 2.8284271247461903, 1.0, 1.4142135623730951, 1.0, 15.556349186104045, 0, 0, 0, 0, 0, 0, 0, 0, 7, 2, 4, -1]
6 6
[14.0, 8.48528137423857, 6.0, 5.656854249492381, 1.0, 1.4142135623730951, 15.0, 4.242640687119285, 0, 0, 0, 0, 0, 0, 0, 0, 6, 1, 4, -1]
5 5
[15.0, 7.0710678118654755, 5.0, 4.242640687119285, 2.0, 1.4142135623730951, 1.0, 5.656854249492381, 0, 0, 0, 0, 0, 0, 0, 0, 6, 1, 4, -1]
7 6
[3.0, 9.899494936611665, 1.0, 1.4142135623730951, 1.0, 1.4142135623730951, 14.0, 12.727922061357855, 0, 0, 0, 0, 0, 0, 0, 0, 12, 6, 4, -1]
6 7
[13.0, 8.48528137423857, 6.0, 7.0710678118654755, 1.0, 2.8284271247461903, 15.0, 2.8284271247461903, 0, 0, 0, 0, 0, 0, 0, 0, 12, 6, 4, -1]
5 6
[14.0, 7.0710678118654755, 5.0, 5.656854249492381, 3.0, 1.4142135623730951, 1.0, 4.242640687119285, 0, 0, 0, 0, 0, 0, 0, 0, 12, 6, 4, -1]
7 7
[2.0, 9.899494936611665, 1.0, 1.4142135623730951, 2.0, 2.8284271247461903, 14.0, 2.8284271247461903, 0, 0, 0, 0, 0, 0, 0, 0, 12, 6, 4, -1]
6 8
[12.0, 8.48528137423857, 6.0, 8.48528137423857, 1.0, 4.242640687119285, 15.0, 1.4142135623730951, 0, 0, 0, 0, 0, 0, 0, 0, 12, 6, 4, -1]
5 7
[13.0, 7.0710678118654755, 5.0, 7.0710678118654755, 4.0, 1.4142135623730951, 1.0, 2.8284271247461903, 0, 0, 0, 0, 0, 0, 0, 0, 12, 6, 4, -1]
7 8
[1.0, 9.899494936611665, 1.0, 1.4142135623730951, 3.0, 11.313708498984761, 14.0, 1.4142135623730951, 0, 0, 0, 0, 0, 0, 0, 0, 12, 6, 4, -1]
6 9
[11.0, 8.48528137423857, 6.0, 8.48528137423857, 1.0, 12.727922061357855, 1.0, 1.4142135623730951, 0, 0, 0, 0, 0, 0, 0, 0, 12, 6, 4, -1]
5 8
[12.0, 7.0710678118654755, 5.0, 7.0710678118654755, 5.0, 1.4142135623730951, 1.0, 2.8284271247461903, 0, 0, 0, 0, 0, 0, 0, 0, 12, 6, 4, -1]
5 7
[1.0, 7.0710678118654755, 5.0, 7.0710678118654755, 4.0, 1.4142135623730951, 1.0, 1.4142135623730951, 0, 0, 0, 0, 0, 0, 0, 0, 12, 6, 4, -1]
5 9
[11.0, 7.0710678118654755, 5.0, 7.0710678118654755, 1.0, 1.4142135623730951, 2.0, 2.8284271247461903, 0, 0, 0, 0, 0, 0, 0, 0, 12, 6, 4, -1]
4 8
[12.0, 5.656854249492381, 4.0, 5.656854249492381, 6.0, 2.8284271247461903, 1.0, 4.242640687119285, 0, 0, 0, 0, 0, 0, 0, 0, 12, 6, 4, -1]
6 9
[11.0, 8.48528137423857, 1.0, 1.4142135623730951, 1.0, 12.727922061357855, 1.0, 1.4142135623730951, 0, 0, 0, 0, 0, 0, 0, 0, 12, 6, 4, -1]
5 10
[10.0, 7.0710678118654755, 5.0, 7.0710678118654755, 1.0, 14.142135623730951, 2.0, 14.142135623730951, 0, 0, 0, 0, 0, 0, 0, 0, 12, 6, 4, -1]
4 9
[11.0, 5.656854249492381, 4.0, 5.656854249492381, 7.0, 1.4142135623730951, 1.0, 15.556349186104045, 0, 0, 0, 0, 0, 0, 0, 0, 12, 6, 4, -1]
6 8
[1.0, 1.4142135623730951, 1.0, 8.48528137423857, 1.0, 4.242640687119285, 15.0, 1.4142135623730951, 0, 0, 0, 0, 0, 0, 0, 0, 12, 6, 3, -2]
6 10
[10.0, 8.48528137423857, 6.0, 1.4142135623730951, 1.0, 1.4142135623730951, 1.0, 1.4142135623730951, 0, 0, 0, 0, 0, 0, 0, 0, 12, 6, 4, -1]
6 7
[1.0, 1.4142135623730951, 6.0, 7.0710678118654755, 1.0, 2.8284271247461903, 15.0, 2.8284271247461903, 0, 0, 0, 0, 0, 0, 0, 0, 11, 6, 3, -3]
7 8
[1.0, 1.4142135623730951, 1.0, 1.4142135623730951, 3.0, 11.313708498984761, 14.0, 1.4142135623730951, 0, 0, 0, 0, 0, 0, 0, 0, 11, 6, 4, -2]
5 8
[1.0, 7.0710678118654755, 5.0, 7.0710678118654755, 5.0, 1.4142135623730951, 1.0, 1.4142135623730951, 0, 0, 0, 0, 0, 0, 0, 0, 11, 6, 3, -3]
6 6
[1.0, 8.48528137423857, 6.0, 5.656854249492381, 1.0, 1.4142135623730951, 15.0, 4.242640687119285, 0, 0, 0, 0, 0, 0, 0, 0, 10, 5, 3, -4]
7 7
[2.0, 1.4142135623730951, 1.0, 1.4142135623730951, 2.0, 2.8284271247461903, 14.0, 2.8284271247461903, 0, 0, 0, 0, 0, 0, 0, 0, 10, 5, 4, -3]
5 7
[1.0, 7.0710678118654755, 5.0, 7.0710678118654755, 4.0, 1.4142135623730951, 1.0, 1.4142135623730951, 0, 0, 0, 0, 0, 0, 0, 0, 10, 5, 4, -3]
6 5
[1.0, 8.48528137423857, 6.0, 4.242640687119285, 1.0, 1.4142135623730951, 1.0, 14.142135623730951, 0, 0, 0, 0, 0, 0, 0, 0, 9, 4, 3, -5]
7 6
[3.0, 1.4142135623730951, 1.0, 1.4142135623730951, 1.0, 1.4142135623730951, 14.0, 12.727922061357855, 0, 0, 0, 0, 0, 0, 0, 0, 9, 4, 4, -4]
5 6
[2.0, 7.0710678118654755, 5.0, 5.656854249492381, 3.0, 1.4142135623730951, 1.0, 1.4142135623730951, 0, 0, 0, 0, 0, 0, 0, 0, 9, 4, 4, -4]
5 5
[1.0, 7.0710678118654755, 5.0, 4.242640687119285, 2.0, 1.4142135623730951, 1.0, 1.4142135623730951, 0, 0, 0, 0, 0, 0, 0, 0, 8, 3, 4, -4]
5 7
[1.0, 7.0710678118654755, 5.0, 7.0710678118654755, 1.0, 1.4142135623730951, 1.0, 1.4142135623730951, 0, 0, 0, 0, 0, 0, 0, 0, 8, 3, 4, -4]
4 6
[14.0, 5.656854249492381, 4.0, 5.656854249492381, 4.0, 2.8284271247461903, 1.0, 2.8284271247461903, 0, 0, 0, 0, 0, 0, 0, 0, 8, 3, 4, -4]
4 5
[1.0, 5.656854249492381, 4.0, 4.242640687119285, 3.0, 2.8284271247461903, 2.0, 1.4142135623730951, 0, 0, 0, 0, 0, 0, 0, 0, 7, 2, 4, -4]
4 7
[13.0, 5.656854249492381, 4.0, 5.656854249492381, 1.0, 1.4142135623730951, 2.0, 1.4142135623730951, 0, 0, 0, 0, 0, 0, 0, 0, 7, 2, 4, -4]
3 6
[14.0, 4.242640687119285, 3.0, 4.242640687119285, 4.0, 4.242640687119285, 1.0, 2.8284271247461903, 0, 0, 0, 0, 0, 0, 0, 0, 7, 2, 4, -4]
5 7
[1.0, 7.0710678118654755, 1.0, 1.4142135623730951, 1.0, 1.4142135623730951, 1.0, 1.4142135623730951, 0, 0, 0, 0, 0, 0, 0, 0, 6, 1, 4, -4]
4 8
[12.0, 5.656854249492381, 4.0, 5.656854249492381, 1.0, 2.8284271247461903, 1.0, 1.4142135623730951, 0, 0, 0, 0, 0, 0, 0, 0, 6, 1, 4, -4]
3 7
[13.0, 4.242640687119285, 3.0, 4.242640687119285, 5.0, 1.4142135623730951, 1.0, 2.8284271247461903, 0, 0, 0, 0, 0, 0, 0, 0, 6, 1, 4, -4]
3 6
[1.0, 4.242640687119285, 3.0, 4.242640687119285, 4.0, 4.242640687119285, 1.0, 1.4142135623730951, 0, 0, 0, 0, 0, 0, 0, 0, 12, 6, 4, -4]
3 8
[12.0, 4.242640687119285, 3.0, 4.242640687119285, 1.0, 1.4142135623730951, 2.0, 16.97056274847714, 0, 0, 0, 0, 0, 0, 0, 0, 12, 6, 4, -4]
2 7
[13.0, 2.8284271247461903, 2.0, 2.8284271247461903, 5.0, 5.656854249492381, 1.0, 18.384776310850235, 0, 0, 0, 0, 0, 0, 0, 0, 12, 6, 4, -4]
3 5
[1.0, 4.242640687119285, 3.0, 4.242640687119285, 3.0, 2.8284271247461903, 3.0, 1.4142135623730951, 0, 0, 0, 0, 0, 0, 0, 0, 12, 6, 4, -4]
4 6
[1.0, 1.4142135623730951, 1.0, 5.656854249492381, 4.0, 2.8284271247461903, 1.0, 2.8284271247461903, 0, 0, 0, 0, 0, 0, 0, 0, 12, 6, 3, -5]
2 6
[14.0, 2.8284271247461903, 2.0, 2.8284271247461903, 4.0, 4.242640687119285, 1.0, 1.4142135623730951, 0, 0, 0, 0, 0, 0, 0, 0, 12, 6, 4, -4]
2 5
[1.0, 2.8284271247461903, 2.0, 2.8284271247461903, 3.0, 4.242640687119285, 4.0, 1.4142135623730951, 0, 0, 0, 0, 0, 0, 0, 0, 12, 6, 4, -4]
2 7
[13.0, 2.8284271247461903, 2.0, 2.8284271247461903, 1.0, 1.4142135623730951, 1.0, 18.384776310850235, 0, 0, 0, 0, 0, 0, 0, 0, 12, 6, 4, -4]
1 6
[14.0, 1.4142135623730951, 1.0, 1.4142135623730951, 4.0, 5.656854249492381, 1.0, 19.79898987322333, 0, 0, 0, 0, 0, 0, 0, 0, 12, 6, 4, -4]
2 4
[1.0, 2.8284271247461903, 2.0, 2.8284271247461903, 2.0, 2.8284271247461903, 4.0, 2.8284271247461903, 0, 0, 0, 0, 0, 0, 0, 0, 12, 6, 4, -4]
3 5
[1.0, 1.4142135623730951, 1.0, 4.242640687119285, 3.0, 2.8284271247461903, 3.0, 1.4142135623730951, 0, 0, 0, 0, 0, 0, 0, 0, 12, 6, 4, -4]
1 5
[15.0, 1.4142135623730951, 1.0, 1.4142135623730951, 3.0, 4.242640687119285, 1.0, 1.4142135623730951, 0, 0, 0, 0, 0, 0, 0, 0, 12, 6, 4, -4]
1 4
[1.0, 1.4142135623730951, 1.0, 1.4142135623730951, 2.0, 2.8284271247461903, 5.0, 1.4142135623730951, 0, 0, 0, 0, 0, 0, 0, 0, 12, 6, 4, -4]
1 6
[14.0, 1.4142135623730951, 1.0, 1.4142135623730951, 1.0, 1.4142135623730951, 1.0, 19.79898987322333, 0, 0, 0, 0, 0, 0, 0, 0, 12, 6, 4, -4]
1 3
[1.0, 1.4142135623730951, 1.0, 1.4142135623730951, 1.0, 1.4142135623730951, 4.0, 4.242640687119285, 0, 0, 0, 0, 0, 0, 0, 0, 12, 6, 4, -4]
2 4
[1.0, 1.4142135623730951, 1.0, 2.8284271247461903, 2.0, 2.8284271247461903, 4.0, 2.8284271247461903, 0, 0, 0, 0, 0, 0, 0, 0, 12, 6, 4, -4]
1 2
[1.0, 1.4142135623730951, 1.0, 1.4142135623730951, 1.0, 2.8284271247461903, 1.0, 5.656854249492381, 0, 0, 0, 0, 0, 0, 0, 0, 12, 6, 3, -5]
2 3
[2.0, 1.4142135623730951, 1.0, 1.4142135623730951, 1.0, 1.4142135623730951, 3.0, 4.242640687119285, 0, 0, 0, 0, 0, 0, 0, 0, 12, 6, 4, -4]
1 1
[1.0, 1.4142135623730951, 1.0, 1.4142135623730951, 1.0, 1.4142135623730951, 5.0, 1.4142135623730951, 0, 0, 0, 0, 0, 0, 0, 0, 11, 6, 3, -6]
2 2
[3.0, 1.4142135623730951, 1.0, 1.4142135623730951, 2.0, 2.8284271247461903, 1.0, 5.656854249492381, 0, 0, 0, 0, 0, 0, 0, 0, 11, 6, 3, -6]
2 1
[1.0, 1.4142135623730951, 1.0, 1.4142135623730951, 1.0, 1.4142135623730951, 4.0, 1.4142135623730951, 0, 0, 0, 0, 0, 0, 0, 0, 10, 5, 4, -6]
3 1
[1.0, 1.4142135623730951, 1.0, 1.4142135623730951, 1.0, 1.4142135623730951, 3.0, 1.4142135623730951, 0, 0, 0, 0, 0, 0, 0, 0, 9, 4, 4, -6]
2 2
[3.0, 1.4142135623730951, 1.0, 1.4142135623730951, 1.0, 2.8284271247461903, 1.0, 5.656854249492381, 0, 0, 0, 0, 0, 0, 0, 0, 9, 4, 3, -7]
4 1
[1.0, 1.4142135623730951, 1.0, 1.4142135623730951, 1.0, 1.4142135623730951, 2.0, 1.4142135623730951, 0, 0, 0, 0, 0, 0, 0, 0, 8, 3, 4, -6]
3 2
[4.0, 2.8284271247461903, 1.0, 1.4142135623730951, 1.0, 2.8284271247461903, 1.0, 4.242640687119285, 0, 0, 0, 0, 0, 0, 0, 0, 8, 3, 3, -7]
5 1
[1.0, 1.4142135623730951, 1.0, 1.4142135623730951, 1.0, 1.4142135623730951, 1.0, 1.4142135623730951, 0, 0, 0, 0, 0, 0, 0, 0, 7, 2, 4, -6]
4 2
[4.0, 4.242640687119285, 1.0, 1.4142135623730951, 1.0, 2.8284271247461903, 1.0, 1.4142135623730951, 0, 0, 0, 0, 0, 0, 0, 0, 7, 2, 3, -7]
6 1
[1.0, 1.4142135623730951, 1.0, 1.4142135623730951, 1.0, 1.4142135623730951, 1.0, 1.4142135623730951, 0, 0, 0, 0, 0, 0, 0, 0, 6, 1, 3, -7]
5 2
[1.0, 4.242640687119285, 1.0, 1.4142135623730951, 1.0, 1.4142135623730951, 1.0, 1.4142135623730951, 0, 0, 0, 0, 0, 0, 0, 0, 6, 1, 3, -7]
7 1
[1.0, 1.4142135623730951, 1.0, 1.4142135623730951, 1.0, 1.4142135623730951, 14.0, 2.8284271247461903, 0, 0, 0, 0, 0, 0, 0, 0, 12, 6, 2, -8]
6 2
[1.0, 1.4142135623730951, 1.0, 1.4142135623730951, 1.0, 1.4142135623730951, 1.0, 1.4142135623730951, 0, 0, 0, 0, 0, 0, 0, 0, 12, 6, 2, -8]
8 1
[2.0, 1.4142135623730951, 1.0, 1.4142135623730951, 1.0, 1.4142135623730951, 13.0, 11.313708498984761, 0, 0, 0, 0, 0, 0, 0, 0, 12, 6, 2, -8]
7 2
[1.0, 1.4142135623730951, 1.0, 1.4142135623730951, 1.0, 2.8284271247461903, 14.0, 1.4142135623730951, 0, 0, 0, 0, 0, 0, 0, 0, 12, 6, 1, -9]
8 2
[1.0, 1.4142135623730951, 1.0, 1.4142135623730951, 2.0, 2.8284271247461903, 13.0, 1.4142135623730951, 0, 0, 0, 0, 0, 0, 0, 0, 12, 6, 1, -9]
6 2
[1.0, 1.4142135623730951, 1.0, 1.4142135623730951, 1.0, 1.4142135623730951, 1.0, 1.4142135623730951, 0, 0, 0, 0, 0, 0, 0, 0, 12, 6, 1, -50]
8 1
[1.0, 1.4142135623730951, 1.0, 1.4142135623730951, 1.0, 1.4142135623730951, 13.0, 11.313708498984761, 0, 0, 0, 0, 0, 0, 0, 0, 12, 6, 1, -9]
9 2
[1.0, 1.4142135623730951, 1.0, 2.8284271247461903, 2.0, 2.8284271247461903, 12.0, 9.899494936611665, 0, 0, 0, 0, 0, 0, 0, 0, 12, 6, 1, -9]
9 1
[2.0, 1.4142135623730951, 1.0, 1.4142135623730951, 1.0, 1.4142135623730951, 12.0, 11.313708498984761, 0, 0, 0, 0, 0, 0, 0, 0, 12, 6, 1, -9]
7 1
[1.0, 1.4142135623730951, 1.0, 1.4142135623730951, 1.0, 1.4142135623730951, 1.0, 1.4142135623730951, 0, 0, 0, 0, 0, 0, 0, 0, 12, 6, 1, -50]
10 1
[19.0, 2.8284271247461903, 1.0, 1.4142135623730951, 1.0, 1.4142135623730951, 11.0, 11.313708498984761, 0, 0, 0, 0, 0, 0, 0, 0, 12, 6, 1, -9]
9 2
[1.0, 1.4142135623730951, 1.0, 1.4142135623730951, 1.0, 2.8284271247461903, 12.0, 9.899494936611665, 0, 0, 0, 0, 0, 0, 0, 0, 12, 6, 1, -9]
11 1
[19.0, 2.8284271247461903, 1.0, 1.4142135623730951, 1.0, 1.4142135623730951, 10.0, 14.142135623730951, 0, 0, 0, 0, 0, 0, 0, 0, 12, 6, 1, -9]
10 2
[18.0, 1.4142135623730951, 2.0, 1.4142135623730951, 1.0, 2.8284271247461903, 11.0, 9.899494936611665, 0, 0, 0, 0, 0, 0, 0, 0, 12, 6, 1, -9]
11 2
[18.0, 2.8284271247461903, 1.0, 1.4142135623730951, 2.0, 2.8284271247461903, 10.0, 9.899494936611665, 0, 0, 0, 0, 0, 0, 0, 0, 12, 6, 1, -9]
10 3
[17.0, 1.4142135623730951, 1.0, 2.8284271247461903, 1.0, 4.242640687119285, 6.0, 8.48528137423857, 0, 0, 0, 0, 0, 0, 0, 0, 12, 6, 1, -9]
9 2
[1.0, 1.4142135623730951, 1.0, 1.4142135623730951, 1.0, 1.4142135623730951, 1.0, 9.899494936611665, 0, 0, 0, 0, 0, 0, 0, 0, 12, 6, 1, -9]
11 1
[1.0, 1.4142135623730951, 1.0, 1.4142135623730951, 1.0, 1.4142135623730951, 10.0, 14.142135623730951, 0, 0, 0, 0, 0, 0, 0, 0, 12, 6, 1, -9]
12 2
[18.0, 4.242640687119285, 1.0, 2.8284271247461903, 2.0, 2.8284271247461903, 9.0, 12.727922061357855, 0, 0, 0, 0, 0, 0, 0, 0, 12, 6, 1, -9]
11 3
[17.0, 2.8284271247461903, 2.0, 1.4142135623730951, 1.0, 4.242640687119285, 5.0, 8.48528137423857, 0, 0, 0, 0, 0, 0, 0, 0, 12, 6, 1, -9]
12 1
[1.0, 1.4142135623730951, 2.0, 1.4142135623730951, 1.0, 1.4142135623730951, 9.0, 5.656854249492381, 0, 0, 0, 0, 0, 0, 0, 0, 12, 6, 1, -8]
13 2
[18.0, 9.899494936611665, 1.0, 2.8284271247461903, 2.0, 2.8284271247461903, 8.0, 4.242640687119285, 0, 0, 0, 0, 0, 0, 0, 0, 12, 6, 1, -8]
12 3
[17.0, 8.48528137423857, 3.0, 1.4142135623730951, 1.0, 4.242640687119285, 4.0, 8.48528137423857, 0, 0, 0, 0, 0, 0, 0, 0, 12, 6, 1, -8]
13 1
[1.0, 1.4142135623730951, 3.0, 1.4142135623730951, 1.0, 1.4142135623730951, 8.0, 4.242640687119285, 0, 0, 0, 0, 0, 0, 0, 0, 12, 6, 1, -7]
14 2
[18.0, 9.899494936611665, 1.0, 2.8284271247461903, 2.0, 2.8284271247461903, 7.0, 2.8284271247461903, 0, 0, 0, 0, 0, 0, 0, 0, 12, 6, 1, -7]
13 3
[17.0, 8.48528137423857, 4.0, 1.4142135623730951, 1.0, 4.242640687119285, 3.0, 11.313708498984761, 0, 0, 0, 0, 0, 0, 0, 0, 12, 6, 1, -7]
14 1
[1.0, 1.4142135623730951, 4.0, 1.4142135623730951, 1.0, 1.4142135623730951, 7.0, 2.8284271247461903, 0, 0, 0, 0, 0, 0, 0, 0, 12, 6, 1, -6]
15 2
[18.0, 9.899494936611665, 1.0, 2.8284271247461903, 2.0, 2.8284271247461903, 6.0, 1.4142135623730951, 0, 0, 0, 0, 0, 0, 0, 0, 12, 6, 1, -6]
14 3
[17.0, 8.48528137423857, 5.0, 1.4142135623730951, 1.0, 4.242640687119285, 2.0, 2.8284271247461903, 0, 0, 0, 0, 0, 0, 0, 0, 12, 6, 1, -6]
15 1
[1.0, 1.4142135623730951, 5.0, 1.4142135623730951, 1.0, 1.4142135623730951, 6.0, 2.8284271247461903, 0, 0, 0, 0, 0, 0, 0, 0, 12, 6, 1, -5]
16 2
[1.0, 9.899494936611665, 1.0, 2.8284271247461903, 2.0, 2.8284271247461903, 5.0, 1.4142135623730951, 0, 0, 0, 0, 0, 0, 0, 0, 12, 6, 1, -5]
15 3
[17.0, 8.48528137423857, 6.0, 1.4142135623730951, 1.0, 4.242640687119285, 1.0, 1.4142135623730951, 0, 0, 0, 0, 0, 0, 0, 0, 12, 6, 1, -5]
15 4
[16.0, 8.48528137423857, 6.0, 2.8284271247461903, 1.0, 1.4142135623730951, 1.0, 1.4142135623730951, 0, 0, 0, 0, 0, 0, 0, 0, 12, 6, 1, -4]
14 3
[17.0, 8.48528137423857, 5.0, 1.4142135623730951, 1.0, 1.4142135623730951, 1.0, 2.8284271247461903, 0, 0, 0, 0, 0, 0, 0, 0, 12, 6, 1, -4]
14 2
[1.0, 9.899494936611665, 1.0, 2.8284271247461903, 2.0, 2.8284271247461903, 1.0, 1.4142135623730951, 0, 0, 0, 0, 0, 0, 0, 0, 12, 6, 1, -44]
14 4
[16.0, 7.0710678118654755, 5.0, 2.8284271247461903, 1.0, 1.4142135623730951, 2.0, 9.899494936611665, 0, 0, 0, 0, 0, 0, 0, 0, 12, 6, 1, -3]
13 3
[17.0, 8.48528137423857, 4.0, 1.4142135623730951, 1.0, 1.4142135623730951, 1.0, 11.313708498984761, 0, 0, 0, 0, 0, 0, 0, 0, 12, 6, 1, -3]
15 4
[16.0, 8.48528137423857, 1.0, 1.4142135623730951, 1.0, 1.4142135623730951, 1.0, 1.4142135623730951, 0, 0, 0, 0, 0, 0, 0, 0, 12, 6, 1, -2]
14 5
[15.0, 7.0710678118654755, 5.0, 4.242640687119285, 1.0, 2.8284271247461903, 2.0, 5.656854249492381, 0, 0, 0, 0, 0, 0, 0, 0, 12, 6, 1, -2]
13 4
[16.0, 7.0710678118654755, 4.0, 2.8284271247461903, 2.0, 1.4142135623730951, 1.0, 7.0710678118654755, 0, 0, 0, 0, 0, 0, 0, 0, 12, 6, 1, -2]
15 3
[1.0, 1.4142135623730951, 1.0, 1.4142135623730951, 1.0, 4.242640687119285, 1.0, 1.4142135623730951, 0, 0, 0, 0, 0, 0, 0, 0, 12, 6, 1, -42]
15 5
[15.0, 8.48528137423857, 6.0, 1.4142135623730951, 1.0, 1.4142135623730951, 1.0, 8.48528137423857, 0, 0, 0, 0, 0, 0, 0, 0, 12, 6, 1, -1]
15 6
[14.0, 19.79898987322333, 9.0, 5.656854249492381, 1.0, 1.4142135623730951, 6.0, 4.242640687119285, 0, 0, 0, 0, 0, 0, 0, 0, 12, 6, 1, 0]
14 5
[15.0, 7.0710678118654755, 5.0, 4.242640687119285, 1.0, 1.4142135623730951, 1.0, 5.656854249492381, 0, 0, 0, 0, 0, 0, 0, 0, 12, 6, 1, 0]
16 6
[3.0, 12.727922061357855, 1.0, 1.4142135623730951, 1.0, 1.4142135623730951, 5.0, 7.0710678118654755, 0, 0, 0, 0, 0, 0, 0, 0, 12, 6, 1, 0]
15 7
[13.0, 11.313708498984761, 9.0, 7.0710678118654755, 1.0, 2.8284271247461903, 6.0, 2.8284271247461903, 0, 0, 0, 0, 0, 0, 0, 0, 12, 6, 1, 0]
14 6
[14.0, 7.0710678118654755, 8.0, 5.656854249492381, 2.0, 1.4142135623730951, 1.0, 4.242640687119285, 0, 0, 0, 0, 0, 0, 0, 0, 12, 6, 1, 0]
16 7
[2.0, 11.313708498984761, 1.0, 1.4142135623730951, 2.0, 2.8284271247461903, 5.0, 2.8284271247461903, 0, 0, 0, 0, 0, 0, 0, 0, 12, 6, 1, 0]
15 8
[12.0, 9.899494936611665, 9.0, 9.899494936611665, 1.0, 4.242640687119285, 6.0, 1.4142135623730951, 0, 0, 0, 0, 0, 0, 0, 0, 12, 6, 1, 0]
14 7
[13.0, 18.384776310850235, 8.0, 8.48528137423857, 3.0, 1.4142135623730951, 1.0, 2.8284271247461903, 0, 0, 0, 0, 0, 0, 0, 0, 12, 6, 1, 0]
14 6
[1.0, 7.0710678118654755, 8.0, 5.656854249492381, 2.0, 1.4142135623730951, 1.0, 1.4142135623730951, 0, 0, 0, 0, 0, 0, 0, 0, 12, 6, 1, 0]
14 8
[12.0, 9.899494936611665, 8.0, 7.0710678118654755, 1.0, 1.4142135623730951, 7.0, 2.8284271247461903, 0, 0, 0, 0, 0, 0, 0, 0, 12, 6, 1, 0]
13 7
[13.0, 5.656854249492381, 7.0, 5.656854249492381, 5.0, 2.8284271247461903, 1.0, 4.242640687119285, 0, 0, 0, 0, 0, 0, 0, 0, 12, 6, 1, 0]
15 8
[12.0, 9.899494936611665, 1.0, 1.4142135623730951, 1.0, 4.242640687119285, 6.0, 1.4142135623730951, 0, 0, 0, 0, 0, 0, 0, 0, 12, 6, 1, 0]
14 9
[11.0, 8.48528137423857, 5.0, 7.0710678118654755, 1.0, 5.656854249492381, 2.0, 2.8284271247461903, 0, 0, 0, 0, 0, 0, 0, 0, 12, 6, 1, 0]
13 8
[12.0, 16.97056274847714, 7.0, 5.656854249492381, 6.0, 1.4142135623730951, 1.0, 4.242640687119285, 0, 0, 0, 0, 0, 0, 0, 0, 12, 6, 1, 0]
13 7
[1.0, 5.656854249492381, 7.0, 5.656854249492381, 5.0, 2.8284271247461903, 1.0, 1.4142135623730951, 0, 0, 0, 0, 0, 0, 0, 0, 12, 6, 1, 0]
13 9
[11.0, 8.48528137423857, 4.0, 5.656854249492381, 1.0, 1.4142135623730951, 3.0, 11.313708498984761, 0, 0, 0, 0, 0, 0, 0, 0, 12, 6, 1, 0]
12 8
[12.0, 4.242640687119285, 6.0, 4.242640687119285, 6.0, 4.242640687119285, 1.0, 12.727922061357855, 0, 0, 0, 0, 0, 0, 0, 0, 12, 6, 1, 0]
13 6
[1.0, 5.656854249492381, 7.0, 7.0710678118654755, 4.0, 2.8284271247461903, 2.0, 1.4142135623730951, 0, 0, 0, 0, 0, 0, 0, 0, 12, 6, 1, 0]
14 7
[1.0, 1.4142135623730951, 1.0, 8.48528137423857, 3.0, 1.4142135623730951, 1.0, 2.8284271247461903, 0, 0, 0, 0, 0, 0, 0, 0, 12, 6, 1, -41]
12 7
[13.0, 4.242640687119285, 6.0, 4.242640687119285, 5.0, 4.242640687119285, 1.0, 1.4142135623730951, 0, 0, 0, 0, 0, 0, 0, 0, 12, 6, 1, 0]
12 6
[1.0, 4.242640687119285, 6.0, 4.242640687119285, 4.0, 2.8284271247461903, 3.0, 1.4142135623730951, 0, 0, 0, 0, 0, 0, 0, 0, 12, 6, 1, 0]
12 8
[12.0, 4.242640687119285, 6.0, 4.242640687119285, 1.0, 1.4142135623730951, 1.0, 12.727922061357855, 0, 0, 0, 0, 0, 0, 0, 0, 12, 6, 1, 0]
11 7
[13.0, 2.8284271247461903, 5.0, 2.8284271247461903, 5.0, 4.242640687119285, 1.0, 14.142135623730951, 0, 0, 0, 0, 0, 0, 0, 0, 12, 6, 1, 0]
12 5
[1.0, 5.656854249492381, 3.0, 5.656854249492381, 3.0, 2.8284271247461903, 3.0, 2.8284271247461903, 0, 0, 0, 0, 0, 0, 0, 0, 12, 6, 1, 0]
13 6
[1.0, 1.4142135623730951, 1.0, 7.0710678118654755, 4.0, 2.8284271247461903, 2.0, 1.4142135623730951, 0, 0, 0, 0, 0, 0, 0, 0, 12, 6, 1, 0]
11 6
[14.0, 4.242640687119285, 5.0, 2.8284271247461903, 4.0, 4.242640687119285, 1.0, 1.4142135623730951, 0, 0, 0, 0, 0, 0, 0, 0, 12, 6, 1, 0]
11 5
[1.0, 5.656854249492381, 2.0, 2.8284271247461903, 3.0, 4.242640687119285, 4.0, 1.4142135623730951, 0, 0, 0, 0, 0, 0, 0, 0, 12, 6, 1, 0]
11 7
[13.0, 2.8284271247461903, 5.0, 2.8284271247461903, 1.0, 1.4142135623730951, 1.0, 14.142135623730951, 0, 0, 0, 0, 0, 0, 0, 0, 12, 6, 1, 0]
10 6
[14.0, 4.242640687119285, 4.0, 1.4142135623730951, 4.0, 5.656854249492381, 1.0, 15.556349186104045, 0, 0, 0, 0, 0, 0, 0, 0, 12, 6, 1, 0]
11 4
[1.0, 7.0710678118654755, 2.0, 4.242640687119285, 2.0, 2.8284271247461903, 3.0, 4.242640687119285, 0, 0, 0, 0, 0, 0, 0, 0, 12, 6, 1, 0]
12 5
[1.0, 1.4142135623730951, 1.0, 5.656854249492381, 3.0, 2.8284271247461903, 3.0, 2.8284271247461903, 0, 0, 0, 0, 0, 0, 0, 0, 12, 6, 1, 0]
10 5
[15.0, 5.656854249492381, 1.0, 1.4142135623730951, 3.0, 4.242640687119285, 1.0, 1.4142135623730951, 0, 0, 0, 0, 0, 0, 0, 0, 12, 6, 1, 0]
10 4
[1.0, 1.4142135623730951, 1.0, 1.4142135623730951, 2.0, 2.8284271247461903, 4.0, 1.4142135623730951, 0, 0, 0, 0, 0, 0, 0, 0, 12, 6, 1, 1]
10 6
[14.0, 4.242640687119285, 4.0, 1.4142135623730951, 1.0, 1.4142135623730951, 1.0, 15.556349186104045, 0, 0, 0, 0, 0, 0, 0, 0, 12, 6, 1, 1]
10 3
[1.0, 1.4142135623730951, 1.0, 2.8284271247461903, 1.0, 1.4142135623730951, 4.0, 5.656854249492381, 0, 0, 0, 0, 0, 0, 0, 0, 12, 6, 1, 2]
11 4
[1.0, 1.4142135623730951, 1.0, 4.242640687119285, 2.0, 2.8284271247461903, 3.0, 4.242640687119285, 0, 0, 0, 0, 0, 0, 0, 0, 12, 6, 1, 2]
10 2
[1.0, 1.4142135623730951, 2.0, 1.4142135623730951, 1.0, 2.8284271247461903, 1.0, 7.0710678118654755, 0, 0, 0, 0, 0, 0, 0, 0, 12, 6, 1, -38]
11 3
[2.0, 1.4142135623730951, 1.0, 1.4142135623730951, 1.0, 1.4142135623730951, 3.0, 5.656854249492381, 0, 0, 0, 0, 0, 0, 0, 0, 12, 6, 1, 3]
11 2
[1.0, 1.4142135623730951, 1.0, 1.4142135623730951, 2.0, 2.8284271247461903, 1.0, 5.656854249492381, 0, 0, 0, 0, 0, 0, 0, 0, 12, 6, 1, -37]
12 3
[3.0, 2.8284271247461903, 1.0, 1.4142135623730951, 1.0, 1.4142135623730951, 2.0, 4.242640687119285, 0, 0, 0, 0, 0, 0, 0, 0, 12, 6, 1, 4]
11 4
[1.0, 1.4142135623730951, 1.0, 1.4142135623730951, 1.0, 2.8284271247461903, 3.0, 4.242640687119285, 0, 0, 0, 0, 0, 0, 0, 0, 12, 6, 1, 4]
12 2
[1.0, 1.4142135623730951, 1.0, 2.8284271247461903, 2.0, 2.8284271247461903, 1.0, 2.8284271247461903, 0, 0, 0, 0, 0, 0, 0, 0, 12, 6, 1, -36]
13 3
[4.0, 2.8284271247461903, 1.0, 1.4142135623730951, 1.0, 1.4142135623730951, 1.0, 1.4142135623730951, 0, 0, 0, 0, 0, 0, 0, 0, 12, 6, 1, 5]
12 4
[2.0, 1.4142135623730951, 2.0, 1.4142135623730951, 1.0, 2.8284271247461903, 2.0, 4.242640687119285, 0, 0, 0, 0, 0, 0, 0, 0, 12, 6, 1, 5]
13 2
[1.0, 1.4142135623730951, 1.0, 2.8284271247461903, 2.0, 2.8284271247461903, 1.0, 1.4142135623730951, 0, 0, 0, 0, 0, 0, 0, 0, 12, 6, 1, -35]
14 3
[1.0, 4.242640687119285, 1.0, 1.4142135623730951, 1.0, 1.4142135623730951, 1.0, 1.4142135623730951, 0, 0, 0, 0, 0, 0, 0, 0, 12, 6, 1, -35]
13 4
[3.0, 2.8284271247461903, 3.0, 1.4142135623730951, 1.0, 1.4142135623730951, 1.0, 2.8284271247461903, 0, 0, 0, 0, 0, 0, 0, 0, 12, 6, 1, 6]
14 4
[3.0, 2.8284271247461903, 1.0, 1.4142135623730951, 1.0, 1.4142135623730951, 1.0, 1.4142135623730951, 0, 0, 0, 0, 0, 0, 0, 0, 12, 6, 1, 5]
13 5
[2.0, 1.4142135623730951, 2.0, 2.8284271247461903, 1.0, 1.4142135623730951, 2.0, 2.8284271247461903, 0, 0, 0, 0, 0, 0, 0, 0, 12, 6, 1, 46]
12 4
[2.0, 1.4142135623730951, 2.0, 1.4142135623730951, 1.0, 1.4142135623730951, 1.0, 4.242640687119285, 0, 0, 0, 0, 0, 0, 0, 0, 12, 6, 1, 46]
Winner side: Blue
Details:
  Scores:
    Blue -> 65
    Yellow -> 20
