Loading config from configs\gamecfg53.json
Loading neural network from nn\nn_53.pkl
Starting client
Connecting to host 'localhost' port 8053
Connected successfully
joined the game successfully
Side: Blue
2 1
[19.0, 2.8284271247461903, 1.0, 1.4142135623730951, 1.0, 1.4142135623730951, 19.0, 19.79898987322333, 0, 0, 0, 0, 0, 0, 0, 0, 12, 6, 4, 1]
1 2
[18.0, 1.4142135623730951, 1.0, 1.4142135623730951, 1.0, 2.8284271247461903, 20.0, 9.899494936611665, 0, 0, 0, 0, 0, 0, 0, 0, 12, 6, 4, 1]
3 1
[19.0, 4.242640687119285, 1.0, 1.4142135623730951, 1.0, 1.4142135623730951, 18.0, 5.656854249492381, 0, 0, 0, 0, 0, 0, 0, 0, 12, 6, 4, 1]
2 2
[18.0, 2.8284271247461903, 2.0, 1.4142135623730951, 1.0, 2.8284271247461903, 19.0, 9.899494936611665, 0, 0, 0, 0, 0, 0, 0, 0, 12, 6, 4, 1]
4 1
[19.0, 5.656854249492381, 1.0, 1.4142135623730951, 1.0, 1.4142135623730951, 17.0, 4.242640687119285, 0, 0, 0, 0, 0, 0, 0, 0, 12, 6, 4, 1]
3 2
[18.0, 4.242640687119285, 3.0, 1.4142135623730951, 1.0, 2.8284271247461903, 18.0, 18.384776310850235, 0, 0, 0, 0, 0, 0, 0, 0, 12, 6, 4, 1]
5 1
[19.0, 7.0710678118654755, 1.0, 1.4142135623730951, 1.0, 1.4142135623730951, 16.0, 2.8284271247461903, 0, 0, 0, 0, 0, 0, 0, 0, 12, 6, 4, 1]
4 2
[18.0, 5.656854249492381, 4.0, 1.4142135623730951, 1.0, 2.8284271247461903, 17.0, 4.242640687119285, 0, 0, 0, 0, 0, 0, 0, 0, 12, 6, 4, 1]
6 1
[19.0, 8.48528137423857, 1.0, 1.4142135623730951, 1.0, 1.4142135623730951, 15.0, 2.8284271247461903, 0, 0, 0, 0, 0, 0, 0, 0, 12, 6, 4, 1]
5 2
[18.0, 7.0710678118654755, 5.0, 1.4142135623730951, 1.0, 2.8284271247461903, 16.0, 2.8284271247461903, 0, 0, 0, 0, 0, 0, 0, 0, 12, 6, 4, 1]
7 1
[2.0, 9.899494936611665, 1.0, 1.4142135623730951, 1.0, 1.4142135623730951, 14.0, 2.8284271247461903, 0, 0, 0, 0, 0, 0, 0, 0, 12, 6, 4, 1]
6 2
[18.0, 8.48528137423857, 6.0, 1.4142135623730951, 1.0, 2.8284271247461903, 15.0, 1.4142135623730951, 0, 0, 0, 0, 0, 0, 0, 0, 12, 6, 4, 1]
7 2
[1.0, 9.899494936611665, 1.0, 1.4142135623730951, 2.0, 2.8284271247461903, 14.0, 1.4142135623730951, 0, 0, 0, 0, 0, 0, 0, 0, 12, 6, 4, 1]
6 3
[17.0, 8.48528137423857, 6.0, 2.8284271247461903, 1.0, 4.242640687119285, 1.0, 1.4142135623730951, 0, 0, 0, 0, 0, 0, 0, 0, 12, 6, 4, 1]
5 2
[18.0, 7.0710678118654755, 5.0, 1.4142135623730951, 1.0, 1.4142135623730951, 1.0, 2.8284271247461903, 0, 0, 0, 0, 0, 0, 0, 0, 12, 6, 4, 1]
7 1
[1.0, 1.4142135623730951, 1.0, 1.4142135623730951, 1.0, 1.4142135623730951, 14.0, 2.8284271247461903, 0, 0, 0, 0, 0, 0, 0, 0, 12, 6, 4, 1]
8 2
[1.0, 1.4142135623730951, 1.0, 2.8284271247461903, 2.0, 2.8284271247461903, 13.0, 1.4142135623730951, 0, 0, 0, 0, 0, 0, 0, 0, 12, 6, 4, 1]
8 1
[2.0, 1.4142135623730951, 1.0, 1.4142135623730951, 1.0, 1.4142135623730951, 13.0, 11.313708498984761, 0, 0, 0, 0, 0, 0, 0, 0, 12, 6, 4, 1]
6 1
[1.0, 8.48528137423857, 1.0, 1.4142135623730951, 1.0, 1.4142135623730951, 1.0, 1.4142135623730951, 0, 0, 0, 0, 0, 0, 0, 0, 12, 6, 3, 0]
9 1
[2.0, 2.8284271247461903, 1.0, 1.4142135623730951, 1.0, 1.4142135623730951, 12.0, 11.313708498984761, 0, 0, 0, 0, 0, 0, 0, 0, 12, 6, 4, 1]
8 2
[1.0, 1.4142135623730951, 1.0, 1.4142135623730951, 1.0, 2.8284271247461903, 13.0, 1.4142135623730951, 0, 0, 0, 0, 0, 0, 0, 0, 12, 6, 4, 1]
10 1
[19.0, 2.8284271247461903, 1.0, 1.4142135623730951, 1.0, 1.4142135623730951, 11.0, 11.313708498984761, 0, 0, 0, 0, 0, 0, 0, 0, 12, 6, 4, 1]
9 2
[1.0, 1.4142135623730951, 2.0, 1.4142135623730951, 1.0, 2.8284271247461903, 12.0, 9.899494936611665, 0, 0, 0, 0, 0, 0, 0, 0, 12, 6, 4, 1]
11 1
[19.0, 2.8284271247461903, 1.0, 1.4142135623730951, 1.0, 1.4142135623730951, 10.0, 14.142135623730951, 0, 0, 0, 0, 0, 0, 0, 0, 12, 6, 4, 1]
10 2
[18.0, 1.4142135623730951, 3.0, 1.4142135623730951, 1.0, 2.8284271247461903, 11.0, 9.899494936611665, 0, 0, 0, 0, 0, 0, 0, 0, 12, 6, 4, 1]
12 1
[19.0, 4.242640687119285, 1.0, 1.4142135623730951, 1.0, 1.4142135623730951, 9.0, 5.656854249492381, 0, 0, 0, 0, 0, 0, 0, 0, 12, 6, 4, 1]
11 2
[18.0, 2.8284271247461903, 4.0, 1.4142135623730951, 1.0, 2.8284271247461903, 10.0, 9.899494936611665, 0, 0, 0, 0, 0, 0, 0, 0, 12, 6, 4, 1]
13 1
[19.0, 5.656854249492381, 1.0, 1.4142135623730951, 1.0, 1.4142135623730951, 8.0, 4.242640687119285, 0, 0, 0, 0, 0, 0, 0, 0, 12, 6, 4, 1]
12 2
[18.0, 4.242640687119285, 5.0, 1.4142135623730951, 1.0, 2.8284271247461903, 9.0, 12.727922061357855, 0, 0, 0, 0, 0, 0, 0, 0, 12, 6, 4, 1]
14 1
[19.0, 19.79898987322333, 1.0, 1.4142135623730951, 1.0, 1.4142135623730951, 7.0, 2.8284271247461903, 0, 0, 0, 0, 0, 0, 0, 0, 12, 6, 4, 1]
13 2
[18.0, 18.384776310850235, 6.0, 1.4142135623730951, 1.0, 2.8284271247461903, 8.0, 4.242640687119285, 0, 0, 0, 0, 0, 0, 0, 0, 12, 6, 4, 1]
15 1
[19.0, 11.313708498984761, 1.0, 1.4142135623730951, 1.0, 1.4142135623730951, 6.0, 2.8284271247461903, 0, 0, 0, 0, 0, 0, 0, 0, 12, 6, 4, 1]
14 2
[18.0, 9.899494936611665, 7.0, 1.4142135623730951, 1.0, 2.8284271247461903, 7.0, 2.8284271247461903, 0, 0, 0, 0, 0, 0, 0, 0, 12, 6, 4, 1]
16 1
[2.0, 11.313708498984761, 1.0, 1.4142135623730951, 1.0, 1.4142135623730951, 5.0, 2.8284271247461903, 0, 0, 0, 0, 0, 0, 0, 0, 12, 6, 4, 1]
15 2
[18.0, 9.899494936611665, 8.0, 1.4142135623730951, 1.0, 2.8284271247461903, 6.0, 1.4142135623730951, 0, 0, 0, 0, 0, 0, 0, 0, 12, 6, 4, 1]
16 2
[1.0, 9.899494936611665, 1.0, 1.4142135623730951, 2.0, 2.8284271247461903, 5.0, 1.4142135623730951, 0, 0, 0, 0, 0, 0, 0, 0, 12, 6, 4, 1]
15 3
[17.0, 8.48528137423857, 6.0, 2.8284271247461903, 1.0, 4.242640687119285, 1.0, 1.4142135623730951, 0, 0, 0, 0, 0, 0, 0, 0, 12, 6, 4, 1]
14 2
[18.0, 9.899494936611665, 7.0, 1.4142135623730951, 1.0, 1.4142135623730951, 1.0, 2.8284271247461903, 0, 0, 0, 0, 0, 0, 0, 0, 12, 6, 4, 1]
14 1
[1.0, 19.79898987322333, 1.0, 1.4142135623730951, 1.0, 1.4142135623730951, 1.0, 1.4142135623730951, 0, 0, 0, 0, 0, 0, 0, 0, 12, 6, 3, 0]
14 3
[17.0, 8.48528137423857, 5.0, 2.8284271247461903, 1.0, 1.4142135623730951, 2.0, 2.8284271247461903, 0, 0, 0, 0, 0, 0, 0, 0, 12, 6, 4, 1]
13 2
[18.0, 18.384776310850235, 6.0, 1.4142135623730951, 1.0, 1.4142135623730951, 1.0, 4.242640687119285, 0, 0, 0, 0, 0, 0, 0, 0, 12, 6, 4, 1]
15 1
[1.0, 1.4142135623730951, 1.0, 1.4142135623730951, 1.0, 1.4142135623730951, 6.0, 2.8284271247461903, 0, 0, 0, 0, 0, 0, 0, 0, 11, 6, 3, -1]
13 1
[19.0, 5.656854249492381, 1.0, 1.4142135623730951, 1.0, 1.4142135623730951, 1.0, 1.4142135623730951, 0, 0, 0, 0, 0, 0, 0, 0, 11, 6, 3, -1]
16 1
[2.0, 1.4142135623730951, 1.0, 1.4142135623730951, 1.0, 1.4142135623730951, 5.0, 2.8284271247461903, 0, 0, 0, 0, 0, 0, 0, 0, 10, 5, 4, -1]
15 2
[18.0, 9.899494936611665, 1.0, 1.4142135623730951, 1.0, 2.8284271247461903, 6.0, 1.4142135623730951, 0, 0, 0, 0, 0, 0, 0, 0, 10, 5, 3, -2]
17 1
[2.0, 11.313708498984761, 1.0, 1.4142135623730951, 1.0, 1.4142135623730951, 4.0, 5.656854249492381, 0, 0, 0, 0, 0, 0, 0, 0, 9, 4, 4, 0]
16 2
[1.0, 9.899494936611665, 1.0, 1.4142135623730951, 1.0, 2.8284271247461903, 5.0, 1.4142135623730951, 0, 0, 0, 0, 0, 0, 0, 0, 9, 4, 4, 0]
18 1
[2.0, 2.8284271247461903, 1.0, 1.4142135623730951, 1.0, 1.4142135623730951, 3.0, 4.242640687119285, 0, 0, 0, 0, 0, 0, 0, 0, 8, 3, 4, 1]
17 2
[1.0, 1.4142135623730951, 2.0, 1.4142135623730951, 1.0, 2.8284271247461903, 4.0, 1.4142135623730951, 0, 0, 0, 0, 0, 0, 0, 0, 8, 3, 4, 1]
19 1
[19.0, 2.8284271247461903, 1.0, 1.4142135623730951, 1.0, 1.4142135623730951, 2.0, 2.8284271247461903, 0, 0, 0, 0, 0, 0, 0, 0, 7, 2, 4, 2]
18 2
[1.0, 1.4142135623730951, 3.0, 1.4142135623730951, 1.0, 2.8284271247461903, 3.0, 4.242640687119285, 0, 0, 0, 0, 0, 0, 0, 0, 7, 2, 4, 2]
20 1
[19.0, 2.8284271247461903, 1.0, 1.4142135623730951, 1.0, 1.4142135623730951, 1.0, 1.4142135623730951, 0, 0, 0, 0, 0, 0, 0, 0, 6, 1, 4, 3]
19 2
[18.0, 1.4142135623730951, 4.0, 1.4142135623730951, 1.0, 2.8284271247461903, 2.0, 2.8284271247461903, 0, 0, 0, 0, 0, 0, 0, 0, 6, 1, 4, 3]
21 1
[19.0, 4.242640687119285, 1.0, 1.4142135623730951, 1.0, 1.4142135623730951, 1.0, 1.4142135623730951, 0, 0, 0, 0, 0, 0, 0, 0, 12, 6, 4, 3]
20 2
[18.0, 2.8284271247461903, 5.0, 1.4142135623730951, 1.0, 1.4142135623730951, 1.0, 1.4142135623730951, 0, 0, 0, 0, 0, 0, 0, 0, 12, 6, 4, 3]
21 2
[18.0, 4.242640687119285, 1.0, 1.4142135623730951, 2.0, 1.4142135623730951, 1.0, 1.4142135623730951, 0, 0, 0, 0, 0, 0, 0, 0, 12, 6, 4, 3]
20 3
[17.0, 2.8284271247461903, 2.0, 2.8284271247461903, 1.0, 1.4142135623730951, 1.0, 1.4142135623730951, 0, 0, 0, 0, 0, 0, 0, 0, 12, 6, 4, 3]
19 2
[18.0, 1.4142135623730951, 4.0, 1.4142135623730951, 1.0, 1.4142135623730951, 1.0, 2.8284271247461903, 0, 0, 0, 0, 0, 0, 0, 0, 12, 6, 4, 3]
19 1
[1.0, 2.8284271247461903, 1.0, 1.4142135623730951, 1.0, 1.4142135623730951, 1.0, 1.4142135623730951, 0, 0, 0, 0, 0, 0, 0, 0, 12, 6, 3, 2]
19 3
[17.0, 1.4142135623730951, 1.0, 2.8284271247461903, 1.0, 1.4142135623730951, 2.0, 2.8284271247461903, 0, 0, 0, 0, 0, 0, 0, 0, 12, 6, 4, 3]
18 2
[1.0, 1.4142135623730951, 3.0, 1.4142135623730951, 1.0, 1.4142135623730951, 1.0, 4.242640687119285, 0, 0, 0, 0, 0, 0, 0, 0, 12, 6, 4, 3]
20 3
[17.0, 2.8284271247461903, 1.0, 1.4142135623730951, 1.0, 1.4142135623730951, 1.0, 1.4142135623730951, 0, 0, 0, 0, 0, 0, 0, 0, 12, 6, 4, 3]
19 4
[16.0, 1.4142135623730951, 1.0, 1.4142135623730951, 1.0, 2.8284271247461903, 2.0, 2.8284271247461903, 0, 0, 0, 0, 0, 0, 0, 0, 12, 6, 4, 3]
20 2
[1.0, 1.4142135623730951, 1.0, 1.4142135623730951, 1.0, 1.4142135623730951, 1.0, 1.4142135623730951, 0, 0, 0, 0, 0, 0, 0, 0, 12, 6, 3, 2]
21 3
[17.0, 16.97056274847714, 1.0, 1.4142135623730951, 3.0, 1.4142135623730951, 1.0, 1.4142135623730951, 0, 0, 0, 0, 0, 0, 0, 0, 12, 6, 4, 3]
20 4
[16.0, 15.556349186104045, 2.0, 1.4142135623730951, 1.0, 1.4142135623730951, 1.0, 1.4142135623730951, 0, 0, 0, 0, 0, 0, 0, 0, 12, 6, 4, 3]
21 4
[16.0, 7.0710678118654755, 1.0, 1.4142135623730951, 4.0, 1.4142135623730951, 1.0, 1.4142135623730951, 0, 0, 0, 0, 0, 0, 0, 0, 12, 6, 4, 3]
20 5
[15.0, 5.656854249492381, 2.0, 2.8284271247461903, 1.0, 1.4142135623730951, 1.0, 1.4142135623730951, 0, 0, 0, 0, 0, 0, 0, 0, 12, 6, 4, 3]
19 4
[16.0, 1.4142135623730951, 1.0, 1.4142135623730951, 1.0, 1.4142135623730951, 1.0, 2.8284271247461903, 0, 0, 0, 0, 0, 0, 0, 0, 12, 6, 4, 3]
21 5
[15.0, 5.656854249492381, 1.0, 1.4142135623730951, 5.0, 1.4142135623730951, 1.0, 1.4142135623730951, 0, 0, 0, 0, 0, 0, 0, 0, 12, 6, 4, 3]
20 6
[14.0, 4.242640687119285, 20.0, 2.8284271247461903, 1.0, 1.4142135623730951, 1.0, 1.4142135623730951, 0, 0, 0, 0, 0, 0, 0, 0, 12, 6, 4, 3]
19 5
[15.0, 14.142135623730951, 1.0, 1.4142135623730951, 2.0, 1.4142135623730951, 1.0, 2.8284271247461903, 0, 0, 0, 0, 0, 0, 0, 0, 12, 6, 4, 3]
21 6
[14.0, 4.242640687119285, 1.0, 1.4142135623730951, 6.0, 1.4142135623730951, 1.0, 1.4142135623730951, 0, 0, 0, 0, 0, 0, 0, 0, 12, 6, 4, 3]
20 7
[13.0, 2.8284271247461903, 20.0, 2.8284271247461903, 1.0, 1.4142135623730951, 1.0, 1.4142135623730951, 0, 0, 0, 0, 0, 0, 0, 0, 12, 6, 4, 3]
19 6
[14.0, 4.242640687119285, 19.0, 1.4142135623730951, 3.0, 1.4142135623730951, 1.0, 2.8284271247461903, 0, 0, 0, 0, 0, 0, 0, 0, 12, 6, 4, 3]
21 7
[13.0, 4.242640687119285, 1.0, 1.4142135623730951, 7.0, 1.4142135623730951, 1.0, 1.4142135623730951, 0, 0, 0, 0, 0, 0, 0, 0, 12, 6, 4, 3]
20 8
[12.0, 2.8284271247461903, 20.0, 4.242640687119285, 1.0, 1.4142135623730951, 1.0, 1.4142135623730951, 0, 0, 0, 0, 0, 0, 0, 0, 12, 6, 4, 3]
19 7
[13.0, 2.8284271247461903, 19.0, 2.8284271247461903, 4.0, 1.4142135623730951, 1.0, 2.8284271247461903, 0, 0, 0, 0, 0, 0, 0, 0, 12, 6, 4, 3]
21 8
[12.0, 4.242640687119285, 1.0, 1.4142135623730951, 8.0, 1.4142135623730951, 1.0, 1.4142135623730951, 0, 0, 0, 0, 0, 0, 0, 0, 12, 6, 4, 3]
20 9
[11.0, 2.8284271247461903, 2.0, 5.656854249492381, 1.0, 1.4142135623730951, 1.0, 1.4142135623730951, 0, 0, 0, 0, 0, 0, 0, 0, 12, 6, 4, 3]
19 8
[12.0, 1.4142135623730951, 19.0, 4.242640687119285, 5.0, 1.4142135623730951, 1.0, 2.8284271247461903, 0, 0, 0, 0, 0, 0, 0, 0, 12, 6, 4, 3]
19 7
[1.0, 2.8284271247461903, 19.0, 2.8284271247461903, 4.0, 1.4142135623730951, 1.0, 1.4142135623730951, 0, 0, 0, 0, 0, 0, 0, 0, 12, 6, 4, 3]
19 9
[11.0, 1.4142135623730951, 1.0, 11.313708498984761, 1.0, 1.4142135623730951, 2.0, 2.8284271247461903, 0, 0, 0, 0, 0, 0, 0, 0, 12, 6, 4, 3]
18 8
[1.0, 1.4142135623730951, 18.0, 9.899494936611665, 3.0, 2.8284271247461903, 1.0, 4.242640687119285, 0, 0, 0, 0, 0, 0, 0, 0, 12, 6, 4, 3]
19 6
[1.0, 4.242640687119285, 19.0, 1.4142135623730951, 3.0, 1.4142135623730951, 1.0, 1.4142135623730951, 0, 0, 0, 0, 0, 0, 0, 0, 12, 6, 4, 3]
20 7
[1.0, 1.4142135623730951, 1.0, 2.8284271247461903, 1.0, 1.4142135623730951, 1.0, 1.4142135623730951, 0, 0, 0, 0, 0, 0, 0, 0, 12, 6, 3, 2]
18 7
[2.0, 2.8284271247461903, 18.0, 2.8284271247461903, 2.0, 2.8284271247461903, 1.0, 1.4142135623730951, 0, 0, 0, 0, 0, 0, 0, 0, 12, 6, 4, 3]
19 5
[1.0, 14.142135623730951, 1.0, 1.4142135623730951, 2.0, 1.4142135623730951, 1.0, 1.4142135623730951, 0, 0, 0, 0, 0, 0, 0, 0, 12, 6, 4, 3]
20 6
[1.0, 1.4142135623730951, 1.0, 2.8284271247461903, 1.0, 1.4142135623730951, 1.0, 1.4142135623730951, 0, 0, 0, 0, 0, 0, 0, 0, 12, 6, 3, 2]
18 6
[3.0, 12.727922061357855, 18.0, 1.4142135623730951, 1.0, 2.8284271247461903, 1.0, 1.4142135623730951, 0, 0, 0, 0, 0, 0, 0, 0, 12, 6, 4, 3]
18 7
[2.0, 2.8284271247461903, 18.0, 2.8284271247461903, 1.0, 1.4142135623730951, 1.0, 1.4142135623730951, 0, 0, 0, 0, 0, 0, 0, 0, 12, 6, 4, 3]
17 6
[3.0, 12.727922061357855, 17.0, 1.4142135623730951, 1.0, 1.4142135623730951, 1.0, 2.8284271247461903, 0, 0, 0, 0, 0, 0, 0, 0, 12, 6, 4, 3]
19 7
[1.0, 2.8284271247461903, 1.0, 1.4142135623730951, 1.0, 1.4142135623730951, 1.0, 1.4142135623730951, 0, 0, 0, 0, 0, 0, 0, 0, 12, 6, 3, 2]
18 8
[1.0, 1.4142135623730951, 18.0, 9.899494936611665, 1.0, 1.4142135623730951, 1.0, 4.242640687119285, 0, 0, 0, 0, 0, 0, 0, 0, 12, 6, 4, 3]
17 7
[2.0, 11.313708498984761, 17.0, 8.48528137423857, 2.0, 1.4142135623730951, 1.0, 5.656854249492381, 0, 0, 0, 0, 0, 0, 0, 0, 12, 6, 4, 3]
19 8
[12.0, 1.4142135623730951, 1.0, 1.4142135623730951, 1.0, 1.4142135623730951, 1.0, 2.8284271247461903, 0, 0, 0, 0, 0, 0, 0, 0, 12, 6, 3, 2]
17 8
[1.0, 1.4142135623730951, 17.0, 9.899494936611665, 3.0, 1.4142135623730951, 1.0, 1.4142135623730951, 0, 0, 0, 0, 0, 0, 0, 0, 12, 6, 4, 3]
17 7
[1.0, 11.313708498984761, 17.0, 8.48528137423857, 2.0, 1.4142135623730951, 1.0, 1.4142135623730951, 0, 0, 0, 0, 0, 0, 0, 0, 12, 6, 4, 4]
16 8
[1.0, 9.899494936611665, 16.0, 9.899494936611665, 3.0, 2.8284271247461903, 1.0, 1.4142135623730951, 0, 0, 0, 0, 0, 0, 0, 0, 12, 6, 4, 4]
17 6
[1.0, 12.727922061357855, 17.0, 1.4142135623730951, 1.0, 1.4142135623730951, 1.0, 1.4142135623730951, 0, 0, 0, 0, 0, 0, 0, 0, 12, 6, 4, 5]
18 7
[1.0, 1.4142135623730951, 1.0, 2.8284271247461903, 1.0, 1.4142135623730951, 1.0, 1.4142135623730951, 0, 0, 0, 0, 0, 0, 0, 0, 12, 6, 3, 4]
16 7
[2.0, 11.313708498984761, 16.0, 8.48528137423857, 2.0, 2.8284271247461903, 1.0, 1.4142135623730951, 0, 0, 0, 0, 0, 0, 0, 0, 12, 6, 4, 5]
18 6
[1.0, 1.4142135623730951, 1.0, 1.4142135623730951, 1.0, 2.8284271247461903, 1.0, 1.4142135623730951, 0, 0, 0, 0, 0, 0, 0, 0, 12, 6, 3, 5]
16 6
[3.0, 12.727922061357855, 16.0, 7.0710678118654755, 1.0, 1.4142135623730951, 1.0, 1.4142135623730951, 0, 0, 0, 0, 0, 0, 0, 0, 12, 6, 4, 6]
16 7
[2.0, 11.313708498984761, 16.0, 8.48528137423857, 1.0, 1.4142135623730951, 1.0, 1.4142135623730951, 0, 0, 0, 0, 0, 0, 0, 0, 12, 6, 4, 7]
15 6
[14.0, 19.79898987322333, 15.0, 7.0710678118654755, 4.0, 1.4142135623730951, 1.0, 2.8284271247461903, 0, 0, 0, 0, 0, 0, 0, 0, 12, 6, 4, 7]
17 7
[1.0, 11.313708498984761, 1.0, 1.4142135623730951, 1.0, 1.4142135623730951, 1.0, 1.4142135623730951, 0, 0, 0, 0, 0, 0, 0, 0, 12, 6, 3, 7]
16 8
[1.0, 9.899494936611665, 16.0, 9.899494936611665, 1.0, 1.4142135623730951, 1.0, 1.4142135623730951, 0, 0, 0, 0, 0, 0, 0, 0, 12, 6, 4, 8]
15 7
[13.0, 11.313708498984761, 15.0, 8.48528137423857, 5.0, 1.4142135623730951, 1.0, 2.8284271247461903, 0, 0, 0, 0, 0, 0, 0, 0, 12, 6, 4, 8]
17 8
[1.0, 1.4142135623730951, 1.0, 1.4142135623730951, 1.0, 1.4142135623730951, 1.0, 1.4142135623730951, 0, 0, 0, 0, 0, 0, 0, 0, 12, 6, 3, 8]
15 8
[12.0, 9.899494936611665, 15.0, 9.899494936611665, 6.0, 1.4142135623730951, 1.0, 1.4142135623730951, 0, 0, 0, 0, 0, 0, 0, 0, 12, 6, 4, 9]
15 7
[1.0, 11.313708498984761, 15.0, 8.48528137423857, 5.0, 1.4142135623730951, 1.0, 1.4142135623730951, 0, 0, 0, 0, 0, 0, 0, 0, 12, 6, 4, 10]
15 9
[11.0, 8.48528137423857, 6.0, 8.48528137423857, 1.0, 1.4142135623730951, 1.0, 1.4142135623730951, 0, 0, 0, 0, 0, 0, 0, 0, 12, 6, 4, 10]
14 8
[12.0, 9.899494936611665, 14.0, 7.0710678118654755, 6.0, 2.8284271247461903, 1.0, 2.8284271247461903, 0, 0, 0, 0, 0, 0, 0, 0, 12, 6, 4, 10]
15 6
[1.0, 19.79898987322333, 15.0, 7.0710678118654755, 4.0, 1.4142135623730951, 1.0, 1.4142135623730951, 0, 0, 0, 0, 0, 0, 0, 0, 12, 6, 4, 11]
16 7
[1.0, 1.4142135623730951, 1.0, 8.48528137423857, 1.0, 1.4142135623730951, 1.0, 1.4142135623730951, 0, 0, 0, 0, 0, 0, 0, 0, 12, 6, 3, 10]
14 7
[13.0, 18.384776310850235, 14.0, 8.48528137423857, 5.0, 2.8284271247461903, 1.0, 1.4142135623730951, 0, 0, 0, 0, 0, 0, 0, 0, 12, 6, 4, 11]
15 5
[1.0, 8.48528137423857, 6.0, 5.656854249492381, 3.0, 1.4142135623730951, 1.0, 1.4142135623730951, 0, 0, 0, 0, 0, 0, 0, 0, 12, 6, 4, 12]
16 6
[1.0, 1.4142135623730951, 1.0, 7.0710678118654755, 1.0, 1.4142135623730951, 1.0, 1.4142135623730951, 0, 0, 0, 0, 0, 0, 0, 0, 12, 6, 3, 11]
14 6
[14.0, 7.0710678118654755, 14.0, 7.0710678118654755, 4.0, 2.8284271247461903, 1.0, 1.4142135623730951, 0, 0, 0, 0, 0, 0, 0, 0, 12, 6, 4, 12]
14 5
[1.0, 7.0710678118654755, 5.0, 5.656854249492381, 3.0, 2.8284271247461903, 2.0, 1.4142135623730951, 0, 0, 0, 0, 0, 0, 0, 0, 12, 6, 4, 12]
14 7
[13.0, 18.384776310850235, 14.0, 8.48528137423857, 1.0, 1.4142135623730951, 1.0, 1.4142135623730951, 0, 0, 0, 0, 0, 0, 0, 0, 12, 6, 4, 12]
13 6
[14.0, 5.656854249492381, 13.0, 7.0710678118654755, 5.0, 4.242640687119285, 1.0, 2.8284271247461903, 0, 0, 0, 0, 0, 0, 0, 0, 12, 6, 4, 12]
15 7
[1.0, 11.313708498984761, 1.0, 1.4142135623730951, 1.0, 1.4142135623730951, 1.0, 1.4142135623730951, 0, 0, 0, 0, 0, 0, 0, 0, 12, 6, 3, 11]
14 8
[12.0, 9.899494936611665, 14.0, 7.0710678118654755, 1.0, 1.4142135623730951, 1.0, 2.8284271247461903, 0, 0, 0, 0, 0, 0, 0, 0, 12, 6, 4, 12]
13 7
[13.0, 5.656854249492381, 13.0, 5.656854249492381, 6.0, 1.4142135623730951, 1.0, 4.242640687119285, 0, 0, 0, 0, 0, 0, 0, 0, 12, 6, 4, 12]
15 8
[12.0, 9.899494936611665, 1.0, 1.4142135623730951, 1.0, 1.4142135623730951, 1.0, 1.4142135623730951, 0, 0, 0, 0, 0, 0, 0, 0, 12, 6, 3, 11]
14 9
[11.0, 8.48528137423857, 5.0, 7.0710678118654755, 1.0, 1.4142135623730951, 2.0, 2.8284271247461903, 0, 0, 0, 0, 0, 0, 0, 0, 12, 6, 4, 12]
13 8
[12.0, 16.97056274847714, 13.0, 5.656854249492381, 7.0, 1.4142135623730951, 1.0, 4.242640687119285, 0, 0, 0, 0, 0, 0, 0, 0, 12, 6, 4, 12]
13 7
[1.0, 5.656854249492381, 13.0, 5.656854249492381, 6.0, 1.4142135623730951, 1.0, 1.4142135623730951, 0, 0, 0, 0, 0, 0, 0, 0, 12, 6, 4, 12]
13 9
[11.0, 8.48528137423857, 4.0, 5.656854249492381, 1.0, 1.4142135623730951, 3.0, 11.313708498984761, 0, 0, 0, 0, 0, 0, 0, 0, 12, 6, 4, 12]
12 8
[12.0, 4.242640687119285, 12.0, 4.242640687119285, 7.0, 2.8284271247461903, 1.0, 12.727922061357855, 0, 0, 0, 0, 0, 0, 0, 0, 12, 6, 4, 12]
13 6
[1.0, 5.656854249492381, 13.0, 7.0710678118654755, 5.0, 4.242640687119285, 1.0, 1.4142135623730951, 0, 0, 0, 0, 0, 0, 0, 0, 12, 6, 4, 12]
14 7
[1.0, 1.4142135623730951, 1.0, 8.48528137423857, 1.0, 1.4142135623730951, 1.0, 1.4142135623730951, 0, 0, 0, 0, 0, 0, 0, 0, 12, 6, 3, 11]
12 7
[13.0, 4.242640687119285, 12.0, 4.242640687119285, 6.0, 5.656854249492381, 1.0, 1.4142135623730951, 0, 0, 0, 0, 0, 0, 0, 0, 12, 6, 4, 12]
12 6
[1.0, 4.242640687119285, 12.0, 4.242640687119285, 5.0, 7.0710678118654755, 2.0, 1.4142135623730951, 0, 0, 0, 0, 0, 0, 0, 0, 12, 6, 4, 12]
12 8
[12.0, 4.242640687119285, 12.0, 4.242640687119285, 1.0, 1.4142135623730951, 1.0, 12.727922061357855, 0, 0, 0, 0, 0, 0, 0, 0, 12, 6, 4, 12]
11 7
[13.0, 2.8284271247461903, 11.0, 2.8284271247461903, 6.0, 8.48528137423857, 1.0, 14.142135623730951, 0, 0, 0, 0, 0, 0, 0, 0, 12, 6, 4, 12]
12 5
[1.0, 5.656854249492381, 3.0, 5.656854249492381, 4.0, 4.242640687119285, 4.0, 2.8284271247461903, 0, 0, 0, 0, 0, 0, 0, 0, 12, 6, 4, 12]
13 6
[1.0, 1.4142135623730951, 1.0, 7.0710678118654755, 5.0, 4.242640687119285, 1.0, 1.4142135623730951, 0, 0, 0, 0, 0, 0, 0, 0, 12, 6, 4, 12]
11 6
[14.0, 4.242640687119285, 11.0, 2.8284271247461903, 5.0, 5.656854249492381, 1.0, 1.4142135623730951, 0, 0, 0, 0, 0, 0, 0, 0, 12, 6, 4, 12]
11 5
[1.0, 5.656854249492381, 2.0, 2.8284271247461903, 4.0, 4.242640687119285, 5.0, 1.4142135623730951, 0, 0, 0, 0, 0, 0, 0, 0, 12, 6, 4, 12]
11 7
[13.0, 2.8284271247461903, 11.0, 2.8284271247461903, 1.0, 1.4142135623730951, 1.0, 14.142135623730951, 0, 0, 0, 0, 0, 0, 0, 0, 12, 6, 4, 12]
10 6
[14.0, 4.242640687119285, 10.0, 1.4142135623730951, 5.0, 5.656854249492381, 1.0, 15.556349186104045, 0, 0, 0, 0, 0, 0, 0, 0, 12, 6, 4, 12]
12 7
[13.0, 4.242640687119285, 1.0, 1.4142135623730951, 1.0, 5.656854249492381, 1.0, 1.4142135623730951, 0, 0, 0, 0, 0, 0, 0, 0, 12, 6, 3, 11]
11 8
[12.0, 2.8284271247461903, 11.0, 4.242640687119285, 1.0, 1.4142135623730951, 2.0, 9.899494936611665, 0, 0, 0, 0, 0, 0, 0, 0, 12, 6, 4, 12]
10 7
[13.0, 2.8284271247461903, 10.0, 2.8284271247461903, 6.0, 1.4142135623730951, 1.0, 11.313708498984761, 0, 0, 0, 0, 0, 0, 0, 0, 12, 6, 4, 12]
12 8
[12.0, 4.242640687119285, 1.0, 1.4142135623730951, 1.0, 1.4142135623730951, 1.0, 12.727922061357855, 0, 0, 0, 0, 0, 0, 0, 0, 12, 6, 4, 12]
11 9
[11.0, 2.8284271247461903, 2.0, 5.656854249492381, 1.0, 2.8284271247461903, 5.0, 8.48528137423857, 0, 0, 0, 0, 0, 0, 0, 0, 12, 6, 4, 12]
10 8
[12.0, 1.4142135623730951, 10.0, 4.242640687119285, 7.0, 1.4142135623730951, 1.0, 9.899494936611665, 0, 0, 0, 0, 0, 0, 0, 0, 12, 6, 4, 12]
10 7
[1.0, 2.8284271247461903, 10.0, 2.8284271247461903, 6.0, 1.4142135623730951, 1.0, 1.4142135623730951, 0, 0, 0, 0, 0, 0, 0, 0, 12, 6, 4, 12]
10 9
[11.0, 1.4142135623730951, 1.0, 11.313708498984761, 1.0, 1.4142135623730951, 6.0, 8.48528137423857, 0, 0, 0, 0, 0, 0, 0, 0, 12, 6, 4, 12]
9 8
[1.0, 1.4142135623730951, 9.0, 9.899494936611665, 3.0, 2.8284271247461903, 1.0, 9.899494936611665, 0, 0, 0, 0, 0, 0, 0, 0, 12, 6, 4, 12]
10 6
[1.0, 4.242640687119285, 10.0, 1.4142135623730951, 5.0, 5.656854249492381, 1.0, 1.4142135623730951, 0, 0, 0, 0, 0, 0, 0, 0, 12, 6, 4, 12]
11 7
[1.0, 1.4142135623730951, 1.0, 2.8284271247461903, 1.0, 1.4142135623730951, 1.0, 14.142135623730951, 0, 0, 0, 0, 0, 0, 0, 0, 12, 6, 3, 11]
9 7
[2.0, 2.8284271247461903, 9.0, 2.8284271247461903, 2.0, 7.0710678118654755, 1.0, 1.4142135623730951, 0, 0, 0, 0, 0, 0, 0, 0, 12, 6, 4, 12]
10 5
[1.0, 14.142135623730951, 1.0, 1.4142135623730951, 4.0, 5.656854249492381, 6.0, 1.4142135623730951, 0, 0, 0, 0, 0, 0, 0, 0, 12, 6, 4, 12]
11 6
[1.0, 1.4142135623730951, 1.0, 2.8284271247461903, 5.0, 5.656854249492381, 1.0, 1.4142135623730951, 0, 0, 0, 0, 0, 0, 0, 0, 12, 6, 3, 11]
9 6
[3.0, 12.727922061357855, 9.0, 1.4142135623730951, 1.0, 7.0710678118654755, 1.0, 1.4142135623730951, 0, 0, 0, 0, 0, 0, 0, 0, 12, 6, 4, 12]
9 7
[2.0, 2.8284271247461903, 9.0, 2.8284271247461903, 1.0, 1.4142135623730951, 1.0, 1.4142135623730951, 0, 0, 0, 0, 0, 0, 0, 0, 12, 6, 4, 12]
8 6
[3.0, 11.313708498984761, 8.0, 1.4142135623730951, 1.0, 1.4142135623730951, 1.0, 2.8284271247461903, 0, 0, 0, 0, 0, 0, 0, 0, 12, 6, 4, 12]
10 7
[1.0, 2.8284271247461903, 1.0, 1.4142135623730951, 1.0, 1.4142135623730951, 1.0, 1.4142135623730951, 0, 0, 0, 0, 0, 0, 0, 0, 12, 6, 3, 11]
9 8
[1.0, 1.4142135623730951, 9.0, 9.899494936611665, 1.0, 1.4142135623730951, 1.0, 9.899494936611665, 0, 0, 0, 0, 0, 0, 0, 0, 12, 6, 4, 12]
8 7
[2.0, 11.313708498984761, 8.0, 8.48528137423857, 2.0, 1.4142135623730951, 1.0, 11.313708498984761, 0, 0, 0, 0, 0, 0, 0, 0, 12, 6, 4, 12]
10 6
[1.0, 1.4142135623730951, 1.0, 1.4142135623730951, 5.0, 5.656854249492381, 1.0, 1.4142135623730951, 0, 0, 0, 0, 0, 0, 0, 0, 11, 6, 3, 10]
11 7
[1.0, 1.4142135623730951, 1.0, 1.4142135623730951, 1.0, 1.4142135623730951, 1.0, 14.142135623730951, 0, 0, 0, 0, 0, 0, 0, 0, 11, 6, 3, 10]
10 8
[12.0, 1.4142135623730951, 10.0, 1.4142135623730951, 1.0, 1.4142135623730951, 1.0, 9.899494936611665, 0, 0, 0, 0, 0, 0, 0, 0, 11, 6, 3, 10]
11 8
