Loading config from configs\gamecfg92.json
Loading neural network from nn\nn_92.pkl
Starting client
Connecting to host 'localhost' port 8092
Connected successfully
joined the game successfully
Side: Blue
2 1
[19.0, 2.8284271247461903, 1.0, 1.4142135623730951, 1.0, 1.4142135623730951, 19.0, 19.79898987322333, 0, 0, 0, 0, 0, 0, 0, 0, 12, 6, 4, 1]
1 2
[18.0, 1.4142135623730951, 1.0, 1.4142135623730951, 1.0, 2.8284271247461903, 20.0, 9.899494936611665, 0, 0, 0, 0, 0, 0, 0, 0, 12, 6, 4, 1]
2 2
[18.0, 2.8284271247461903, 1.0, 1.4142135623730951, 2.0, 2.8284271247461903, 19.0, 9.899494936611665, 0, 0, 0, 0, 0, 0, 0, 0, 12, 6, 4, 1]
1 3
[17.0, 1.4142135623730951, 1.0, 1.4142135623730951, 1.0, 4.242640687119285, 6.0, 8.48528137423857, 0, 0, 0, 0, 0, 0, 0, 0, 12, 6, 4, 1]
2 1
[1.0, 1.4142135623730951, 1.0, 1.4142135623730951, 1.0, 1.4142135623730951, 19.0, 19.79898987322333, 0, 0, 0, 0, 0, 0, 0, 0, 12, 6, 4, 1]
3 2
[18.0, 4.242640687119285, 1.0, 2.8284271247461903, 2.0, 2.8284271247461903, 18.0, 18.384776310850235, 0, 0, 0, 0, 0, 0, 0, 0, 12, 6, 4, 1]
2 3
[17.0, 2.8284271247461903, 2.0, 1.4142135623730951, 1.0, 4.242640687119285, 5.0, 8.48528137423857, 0, 0, 0, 0, 0, 0, 0, 0, 12, 6, 4, 1]
3 1
[19.0, 1.4142135623730951, 1.0, 1.4142135623730951, 1.0, 1.4142135623730951, 18.0, 5.656854249492381, 0, 0, 0, 0, 0, 0, 0, 0, 12, 6, 4, 1]
1 1
[1.0, 1.4142135623730951, 1.0, 1.4142135623730951, 1.0, 1.4142135623730951, 1.0, 1.4142135623730951, 0, 0, 0, 0, 0, 0, 0, 0, 12, 6, 3, 0]
4 1
[19.0, 5.656854249492381, 1.0, 1.4142135623730951, 1.0, 1.4142135623730951, 17.0, 4.242640687119285, 0, 0, 0, 0, 0, 0, 0, 0, 12, 6, 4, 1]
3 2
[18.0, 4.242640687119285, 1.0, 1.4142135623730951, 1.0, 2.8284271247461903, 18.0, 18.384776310850235, 0, 0, 0, 0, 0, 0, 0, 0, 12, 6, 4, 1]
5 1
[19.0, 7.0710678118654755, 1.0, 1.4142135623730951, 1.0, 1.4142135623730951, 16.0, 2.8284271247461903, 0, 0, 0, 0, 0, 0, 0, 0, 12, 6, 4, 1]
4 2
[18.0, 5.656854249492381, 2.0, 1.4142135623730951, 1.0, 2.8284271247461903, 17.0, 4.242640687119285, 0, 0, 0, 0, 0, 0, 0, 0, 12, 6, 4, 1]
5 2
[18.0, 7.0710678118654755, 1.0, 1.4142135623730951, 2.0, 2.8284271247461903, 16.0, 2.8284271247461903, 0, 0, 0, 0, 0, 0, 0, 0, 12, 6, 4, 1]
4 3
[17.0, 5.656854249492381, 4.0, 2.8284271247461903, 1.0, 4.242640687119285, 3.0, 16.97056274847714, 0, 0, 0, 0, 0, 0, 0, 0, 12, 6, 4, 1]
3 2
[18.0, 4.242640687119285, 1.0, 1.4142135623730951, 1.0, 1.4142135623730951, 1.0, 18.384776310850235, 0, 0, 0, 0, 0, 0, 0, 0, 12, 6, 4, 1]
5 1
[1.0, 1.4142135623730951, 1.0, 1.4142135623730951, 1.0, 1.4142135623730951, 16.0, 2.8284271247461903, 0, 0, 0, 0, 0, 0, 0, 0, 12, 6, 4, 1]
6 2
[18.0, 8.48528137423857, 1.0, 2.8284271247461903, 2.0, 2.8284271247461903, 15.0, 1.4142135623730951, 0, 0, 0, 0, 0, 0, 0, 0, 12, 6, 4, 1]
5 3
[17.0, 7.0710678118654755, 5.0, 1.4142135623730951, 1.0, 4.242640687119285, 2.0, 2.8284271247461903, 0, 0, 0, 0, 0, 0, 0, 0, 12, 6, 4, 1]
6 1
[19.0, 1.4142135623730951, 1.0, 1.4142135623730951, 1.0, 1.4142135623730951, 15.0, 2.8284271247461903, 0, 0, 0, 0, 0, 0, 0, 0, 12, 6, 4, 1]
4 1
[1.0, 5.656854249492381, 1.0, 1.4142135623730951, 1.0, 1.4142135623730951, 1.0, 1.4142135623730951, 0, 0, 0, 0, 0, 0, 0, 0, 12, 6, 3, 0]
7 1
[2.0, 9.899494936611665, 1.0, 1.4142135623730951, 1.0, 1.4142135623730951, 14.0, 2.8284271247461903, 0, 0, 0, 0, 0, 0, 0, 0, 12, 6, 4, 1]
6 2
[18.0, 8.48528137423857, 1.0, 1.4142135623730951, 1.0, 2.8284271247461903, 15.0, 1.4142135623730951, 0, 0, 0, 0, 0, 0, 0, 0, 12, 6, 4, 1]
8 1
[2.0, 11.313708498984761, 1.0, 1.4142135623730951, 1.0, 1.4142135623730951, 13.0, 11.313708498984761, 0, 0, 0, 0, 0, 0, 0, 0, 12, 6, 4, 1]
7 2
[1.0, 9.899494936611665, 2.0, 1.4142135623730951, 1.0, 2.8284271247461903, 14.0, 1.4142135623730951, 0, 0, 0, 0, 0, 0, 0, 0, 12, 6, 4, 1]
8 2
[1.0, 1.4142135623730951, 1.0, 1.4142135623730951, 2.0, 2.8284271247461903, 13.0, 1.4142135623730951, 0, 0, 0, 0, 0, 0, 0, 0, 12, 6, 4, 1]
6 2
[18.0, 8.48528137423857, 1.0, 1.4142135623730951, 1.0, 1.4142135623730951, 1.0, 1.4142135623730951, 0, 0, 0, 0, 0, 0, 0, 0, 12, 6, 4, 1]
8 1
[1.0, 1.4142135623730951, 1.0, 1.4142135623730951, 1.0, 1.4142135623730951, 13.0, 11.313708498984761, 0, 0, 0, 0, 0, 0, 0, 0, 12, 6, 4, 1]
9 2
[1.0, 1.4142135623730951, 1.0, 2.8284271247461903, 2.0, 2.8284271247461903, 12.0, 9.899494936611665, 0, 0, 0, 0, 0, 0, 0, 0, 12, 6, 4, 1]
9 1
[1.0, 1.4142135623730951, 2.0, 1.4142135623730951, 1.0, 1.4142135623730951, 12.0, 11.313708498984761, 0, 0, 0, 0, 0, 0, 0, 0, 12, 6, 4, 1]
10 2
[18.0, 1.4142135623730951, 1.0, 2.8284271247461903, 2.0, 2.8284271247461903, 11.0, 9.899494936611665, 0, 0, 0, 0, 0, 0, 0, 0, 12, 6, 4, 1]
10 1
[19.0, 1.4142135623730951, 1.0, 1.4142135623730951, 1.0, 1.4142135623730951, 11.0, 11.313708498984761, 0, 0, 0, 0, 0, 0, 0, 0, 12, 6, 4, 1]
8 1
[1.0, 1.4142135623730951, 1.0, 1.4142135623730951, 1.0, 1.4142135623730951, 1.0, 1.4142135623730951, 0, 0, 0, 0, 0, 0, 0, 0, 12, 6, 4, 1]
11 1
[19.0, 2.8284271247461903, 1.0, 1.4142135623730951, 1.0, 1.4142135623730951, 10.0, 14.142135623730951, 0, 0, 0, 0, 0, 0, 0, 0, 12, 6, 4, 1]
10 2
[18.0, 1.4142135623730951, 1.0, 1.4142135623730951, 1.0, 2.8284271247461903, 11.0, 9.899494936611665, 0, 0, 0, 0, 0, 0, 0, 0, 12, 6, 4, 1]
12 1
[19.0, 4.242640687119285, 1.0, 1.4142135623730951, 1.0, 1.4142135623730951, 9.0, 5.656854249492381, 0, 0, 0, 0, 0, 0, 0, 0, 12, 6, 4, 1]
11 2
[18.0, 2.8284271247461903, 2.0, 1.4142135623730951, 1.0, 2.8284271247461903, 10.0, 9.899494936611665, 0, 0, 0, 0, 0, 0, 0, 0, 12, 6, 4, 1]
13 1
[19.0, 5.656854249492381, 1.0, 1.4142135623730951, 1.0, 1.4142135623730951, 8.0, 4.242640687119285, 0, 0, 0, 0, 0, 0, 0, 0, 12, 6, 4, 1]
12 2
[18.0, 4.242640687119285, 3.0, 1.4142135623730951, 1.0, 2.8284271247461903, 9.0, 12.727922061357855, 0, 0, 0, 0, 0, 0, 0, 0, 12, 6, 4, 1]
14 1
[19.0, 19.79898987322333, 1.0, 1.4142135623730951, 1.0, 1.4142135623730951, 7.0, 2.8284271247461903, 0, 0, 0, 0, 0, 0, 0, 0, 12, 6, 4, 1]
13 2
[18.0, 18.384776310850235, 4.0, 1.4142135623730951, 1.0, 2.8284271247461903, 8.0, 4.242640687119285, 0, 0, 0, 0, 0, 0, 0, 0, 12, 6, 4, 1]
15 1
[19.0, 11.313708498984761, 1.0, 1.4142135623730951, 1.0, 1.4142135623730951, 6.0, 2.8284271247461903, 0, 0, 0, 0, 0, 0, 0, 0, 12, 6, 4, 1]
14 2
[18.0, 9.899494936611665, 5.0, 1.4142135623730951, 1.0, 2.8284271247461903, 7.0, 2.8284271247461903, 0, 0, 0, 0, 0, 0, 0, 0, 12, 6, 4, 1]
16 1
[2.0, 11.313708498984761, 1.0, 1.4142135623730951, 1.0, 1.4142135623730951, 5.0, 2.8284271247461903, 0, 0, 0, 0, 0, 0, 0, 0, 12, 6, 4, 1]
15 2
[18.0, 9.899494936611665, 6.0, 1.4142135623730951, 1.0, 2.8284271247461903, 6.0, 1.4142135623730951, 0, 0, 0, 0, 0, 0, 0, 0, 12, 6, 4, 1]
17 1
[2.0, 11.313708498984761, 1.0, 1.4142135623730951, 1.0, 1.4142135623730951, 4.0, 5.656854249492381, 0, 0, 0, 0, 0, 0, 0, 0, 12, 6, 4, 1]
16 2
[1.0, 9.899494936611665, 7.0, 1.4142135623730951, 1.0, 2.8284271247461903, 5.0, 1.4142135623730951, 0, 0, 0, 0, 0, 0, 0, 0, 12, 6, 4, 1]
17 2
[1.0, 1.4142135623730951, 1.0, 1.4142135623730951, 2.0, 2.8284271247461903, 4.0, 1.4142135623730951, 0, 0, 0, 0, 0, 0, 0, 0, 12, 6, 4, 1]
15 2
[18.0, 9.899494936611665, 6.0, 1.4142135623730951, 1.0, 1.4142135623730951, 1.0, 1.4142135623730951, 0, 0, 0, 0, 0, 0, 0, 0, 12, 6, 4, 1]
17 1
[1.0, 1.4142135623730951, 1.0, 1.4142135623730951, 1.0, 1.4142135623730951, 4.0, 5.656854249492381, 0, 0, 0, 0, 0, 0, 0, 0, 12, 6, 4, 1]
18 2
[1.0, 1.4142135623730951, 1.0, 2.8284271247461903, 2.0, 2.8284271247461903, 3.0, 4.242640687119285, 0, 0, 0, 0, 0, 0, 0, 0, 12, 6, 4, 1]
18 1
[2.0, 1.4142135623730951, 1.0, 1.4142135623730951, 1.0, 1.4142135623730951, 3.0, 4.242640687119285, 0, 0, 0, 0, 0, 0, 0, 0, 12, 6, 4, 1]
16 1
[1.0, 11.313708498984761, 1.0, 1.4142135623730951, 1.0, 1.4142135623730951, 1.0, 1.4142135623730951, 0, 0, 0, 0, 0, 0, 0, 0, 12, 6, 3, 0]
19 1
[18.0, 2.8284271247461903, 1.0, 1.4142135623730951, 1.0, 1.4142135623730951, 2.0, 2.8284271247461903, 1, 0, 0, 0, 0, 0, 0, 0, 12, 6, 4, 1]
18 2
[1.0, 1.4142135623730951, 1.0, 1.4142135623730951, 1.0, 2.8284271247461903, 3.0, 4.242640687119285, 0, 0, 0, 0, 0, 0, 0, 0, 12, 6, 4, 1]
20 1
[17.0, 2.8284271247461903, 1.0, 1.4142135623730951, 1.0, 1.4142135623730951, 1.0, 1.4142135623730951, 1, 0, 0, 0, 0, 0, 0, 0, 12, 6, 4, 1]
19 2
[17.0, 1.4142135623730951, 2.0, 1.4142135623730951, 1.0, 2.8284271247461903, 2.0, 2.8284271247461903, 1, 0, 0, 0, 0, 0, 0, 0, 12, 6, 4, 1]
21 1
[17.0, 4.242640687119285, 1.0, 1.4142135623730951, 1.0, 1.4142135623730951, 1.0, 1.4142135623730951, 1, 0, 0, 0, 0, 0, 0, 0, 12, 6, 4, 1]
20 2
[16.0, 2.8284271247461903, 3.0, 1.4142135623730951, 1.0, 1.4142135623730951, 1.0, 1.4142135623730951, 1, 0, 0, 0, 0, 0, 0, 0, 12, 6, 4, 1]
22 1
[17.0, 5.656854249492381, 1.0, 1.4142135623730951, 1.0, 1.4142135623730951, 1.0, 1.4142135623730951, 1, 0, 0, 0, 0, 0, 0, 0, 12, 6, 4, 1]
21 2
[16.0, 4.242640687119285, 4.0, 1.4142135623730951, 1.0, 1.4142135623730951, 1.0, 1.4142135623730951, 1, 0, 0, 0, 0, 0, 0, 0, 12, 6, 4, 1]
23 1
[17.0, 19.79898987322333, 1.0, 1.4142135623730951, 1.0, 1.4142135623730951, 1.0, 1.4142135623730951, 1, 0, 0, 0, 0, 0, 0, 0, 12, 6, 4, 1]
22 2
[16.0, 18.384776310850235, 5.0, 1.4142135623730951, 1.0, 1.4142135623730951, 1.0, 1.4142135623730951, 1, 0, 0, 0, 0, 0, 0, 0, 12, 6, 4, 1]
24 1
[17.0, 11.313708498984761, 1.0, 1.4142135623730951, 1.0, 1.4142135623730951, 1.0, 1.4142135623730951, 1, 0, 0, 0, 0, 0, 0, 0, 12, 6, 4, 1]
23 2
[16.0, 9.899494936611665, 6.0, 1.4142135623730951, 1.0, 1.4142135623730951, 1.0, 1.4142135623730951, 1, 0, 0, 0, 0, 0, 0, 0, 12, 6, 4, 1]
25 1
[2.0, 11.313708498984761, 1.0, 1.4142135623730951, 1.0, 1.4142135623730951, 1.0, 1.4142135623730951, 0, 0, 0, 0, 0, 0, 0, 0, 12, 6, 4, 1]
24 2
[16.0, 9.899494936611665, 7.0, 1.4142135623730951, 1.0, 1.4142135623730951, 1.0, 1.4142135623730951, 1, 0, 0, 0, 0, 0, 0, 0, 12, 6, 4, 1]
26 1
[2.0, 11.313708498984761, 1.0, 1.4142135623730951, 1.0, 1.4142135623730951, 1.0, 1.4142135623730951, 0, 0, 0, 0, 0, 0, 0, 0, 12, 6, 4, 1]
25 2
[1.0, 9.899494936611665, 8.0, 1.4142135623730951, 1.0, 1.4142135623730951, 1.0, 1.4142135623730951, 0, 0, 0, 0, 0, 0, 0, 0, 12, 6, 4, 1]
26 2
[1.0, 1.4142135623730951, 1.0, 1.4142135623730951, 2.0, 1.4142135623730951, 1.0, 1.4142135623730951, 0, 0, 0, 0, 0, 0, 0, 0, 12, 6, 4, 1]
24 2
[16.0, 9.899494936611665, 7.0, 1.4142135623730951, 1.0, 1.4142135623730951, 1.0, 1.4142135623730951, 1, 0, 0, 0, 0, 0, 0, 0, 12, 6, 4, 1]
26 1
[1.0, 1.4142135623730951, 1.0, 1.4142135623730951, 1.0, 1.4142135623730951, 1.0, 1.4142135623730951, 0, 0, 0, 0, 0, 0, 0, 0, 12, 6, 4, 1]
27 2
[1.0, 1.4142135623730951, 1.0, 2.8284271247461903, 2.0, 1.4142135623730951, 1.0, 1.4142135623730951, 0, 0, 0, 0, 0, 0, 0, 0, 12, 6, 4, 1]
27 1
[2.0, 1.4142135623730951, 1.0, 1.4142135623730951, 1.0, 1.4142135623730951, 1.0, 1.4142135623730951, 0, 0, 0, 0, 0, 0, 0, 0, 12, 6, 4, 2]
25 1
[1.0, 11.313708498984761, 1.0, 1.4142135623730951, 1.0, 1.4142135623730951, 1.0, 1.4142135623730951, 0, 0, 0, 0, 0, 0, 0, 0, 12, 6, 3, 1]
28 1
[18.0, 2.8284271247461903, 1.0, 1.4142135623730951, 1.0, 1.4142135623730951, 1.0, 1.4142135623730951, 1, 0, 0, 0, 0, 0, 0, 0, 12, 6, 4, 3]
27 2
[1.0, 1.4142135623730951, 1.0, 1.4142135623730951, 1.0, 1.4142135623730951, 1.0, 1.4142135623730951, 0, 0, 0, 0, 0, 0, 0, 0, 12, 6, 4, 3]
29 1
[17.0, 2.8284271247461903, 1.0, 1.4142135623730951, 1.0, 1.4142135623730951, 1.0, 1.4142135623730951, 1, 0, 0, 0, 0, 0, 0, 0, 12, 6, 4, 4]
28 2
[17.0, 1.4142135623730951, 2.0, 1.4142135623730951, 1.0, 1.4142135623730951, 1.0, 1.4142135623730951, 1, 0, 0, 0, 0, 0, 0, 0, 12, 6, 4, 4]
30 1
[17.0, 4.242640687119285, 1.0, 1.4142135623730951, 1.0, 1.4142135623730951, 1.0, 1.4142135623730951, 1, 0, 0, 0, 0, 0, 0, 0, 12, 6, 4, 5]
29 2
[16.0, 2.8284271247461903, 3.0, 1.4142135623730951, 1.0, 1.4142135623730951, 1.0, 1.4142135623730951, 1, 0, 0, 0, 0, 0, 0, 0, 12, 6, 4, 5]
31 1
[17.0, 5.656854249492381, 1.0, 1.4142135623730951, 1.0, 1.4142135623730951, 1.0, 1.4142135623730951, 1, 0, 0, 0, 0, 0, 0, 0, 12, 6, 4, 6]
30 2
[16.0, 4.242640687119285, 4.0, 1.4142135623730951, 1.0, 1.4142135623730951, 1.0, 1.4142135623730951, 1, 0, 0, 0, 0, 0, 0, 0, 12, 6, 4, 6]
32 1
[17.0, 19.79898987322333, 1.0, 1.4142135623730951, 1.0, 1.4142135623730951, 1.0, 1.4142135623730951, 1, 0, 0, 0, 0, 0, 0, 0, 12, 6, 4, 7]
31 2
[16.0, 18.384776310850235, 5.0, 1.4142135623730951, 1.0, 1.4142135623730951, 1.0, 1.4142135623730951, 1, 0, 0, 0, 0, 0, 0, 0, 12, 6, 4, 7]
33 1
[18.0, 11.313708498984761, 1.0, 1.4142135623730951, 1.0, 1.4142135623730951, 1.0, 1.4142135623730951, 1, 0, 0, 0, 0, 0, 0, 0, 12, 6, 4, 8]
32 2
[16.0, 9.899494936611665, 6.0, 1.4142135623730951, 1.0, 1.4142135623730951, 1.0, 1.4142135623730951, 1, 0, 0, 0, 0, 0, 0, 0, 12, 6, 4, 8]
33 2
[17.0, 9.899494936611665, 7.0, 1.4142135623730951, 1.0, 1.4142135623730951, 1.0, 1.4142135623730951, 1, 0, 0, 0, 0, 0, 0, 0, 12, 6, 4, 9]
33 3
[16.0, 8.48528137423857, 6.0, 2.8284271247461903, 1.0, 1.4142135623730951, 1.0, 1.4142135623730951, 1, 0, 0, 0, 0, 0, 0, 0, 12, 6, 4, 9]
32 2
[16.0, 9.899494936611665, 6.0, 1.4142135623730951, 1.0, 1.4142135623730951, 1.0, 1.4142135623730951, 1, 0, 0, 0, 0, 0, 0, 0, 12, 6, 4, 9]
33 4
[15.0, 8.48528137423857, 6.0, 4.242640687119285, 1.0, 1.4142135623730951, 1.0, 1.4142135623730951, 1, 0, 0, 0, 0, 0, 0, 0, 12, 6, 4, 9]
32 3
[15.0, 8.48528137423857, 5.0, 2.8284271247461903, 2.0, 1.4142135623730951, 1.0, 1.4142135623730951, 1, 0, 0, 0, 0, 0, 0, 0, 12, 6, 4, 9]
33 5
[14.0, 8.48528137423857, 6.0, 5.656854249492381, 1.0, 1.4142135623730951, 1.0, 1.4142135623730951, 1, 0, 0, 0, 0, 0, 0, 0, 12, 6, 4, 9]
32 4
[14.0, 7.0710678118654755, 5.0, 4.242640687119285, 3.0, 1.4142135623730951, 1.0, 1.4142135623730951, 1, 0, 0, 0, 0, 0, 0, 0, 12, 6, 4, 9]
33 6
[13.0, 16.97056274847714, 33.0, 7.0710678118654755, 1.0, 1.4142135623730951, 1.0, 1.4142135623730951, 1, 1, 0, 0, 0, 0, 0, 0, 12, 6, 4, 9]
32 5
[13.0, 7.0710678118654755, 5.0, 5.656854249492381, 4.0, 1.4142135623730951, 1.0, 1.4142135623730951, 1, 0, 0, 0, 0, 0, 0, 0, 12, 6, 4, 9]
33 7
[12.0, 11.313708498984761, 33.0, 8.48528137423857, 1.0, 1.4142135623730951, 1.0, 1.4142135623730951, 1, 0, 0, 0, 0, 0, 0, 0, 12, 6, 4, 9]
32 6
[12.0, 7.0710678118654755, 32.0, 7.0710678118654755, 5.0, 1.4142135623730951, 1.0, 1.4142135623730951, 1, 0, 0, 0, 0, 0, 0, 0, 12, 6, 4, 9]
32 5
[1.0, 7.0710678118654755, 5.0, 5.656854249492381, 4.0, 1.4142135623730951, 1.0, 1.4142135623730951, 0, 0, 0, 0, 0, 0, 0, 0, 12, 6, 4, 9]
32 7
[11.0, 15.556349186104045, 32.0, 8.48528137423857, 1.0, 1.4142135623730951, 1.0, 1.4142135623730951, 1, 1, 0, 0, 0, 0, 0, 0, 12, 6, 4, 9]
31 6
[12.0, 5.656854249492381, 31.0, 7.0710678118654755, 5.0, 1.4142135623730951, 1.0, 1.4142135623730951, 1, 0, 0, 0, 0, 0, 0, 0, 12, 6, 4, 9]
31 5
[1.0, 5.656854249492381, 4.0, 5.656854249492381, 4.0, 1.4142135623730951, 1.0, 1.4142135623730951, 0, 0, 0, 0, 0, 0, 0, 0, 12, 6, 4, 9]
31 7
[11.0, 5.656854249492381, 31.0, 5.656854249492381, 1.0, 1.4142135623730951, 1.0, 1.4142135623730951, 1, 0, 0, 0, 0, 0, 0, 0, 12, 6, 4, 9]
30 6
[12.0, 4.242640687119285, 30.0, 4.242640687119285, 5.0, 1.4142135623730951, 1.0, 1.4142135623730951, 1, 0, 0, 0, 0, 0, 0, 0, 12, 6, 4, 9]
30 5
[1.0, 5.656854249492381, 3.0, 5.656854249492381, 4.0, 1.4142135623730951, 1.0, 1.4142135623730951, 0, 0, 0, 0, 0, 0, 0, 0, 12, 6, 4, 9]
30 7
[11.0, 4.242640687119285, 30.0, 4.242640687119285, 1.0, 1.4142135623730951, 1.0, 1.4142135623730951, 1, 0, 0, 0, 0, 0, 0, 0, 12, 6, 4, 9]
29 6
[12.0, 4.242640687119285, 29.0, 2.8284271247461903, 5.0, 1.4142135623730951, 1.0, 1.4142135623730951, 1, 0, 0, 0, 0, 0, 0, 0, 12, 6, 4, 9]
29 5
[1.0, 5.656854249492381, 2.0, 2.8284271247461903, 4.0, 1.4142135623730951, 1.0, 1.4142135623730951, 0, 0, 0, 0, 0, 0, 0, 0, 12, 6, 4, 9]
29 7
[11.0, 2.8284271247461903, 29.0, 2.8284271247461903, 1.0, 1.4142135623730951, 1.0, 1.4142135623730951, 1, 0, 0, 0, 0, 0, 0, 0, 12, 6, 4, 9]
28 6
[13.0, 4.242640687119285, 28.0, 1.4142135623730951, 5.0, 1.4142135623730951, 1.0, 1.4142135623730951, 1, 0, 0, 0, 0, 0, 0, 0, 12, 6, 4, 9]
28 5
[1.0, 12.727922061357855, 1.0, 1.4142135623730951, 4.0, 1.4142135623730951, 1.0, 1.4142135623730951, 0, 1, 0, 0, 0, 0, 0, 0, 12, 6, 4, 9]
28 7
[12.0, 2.8284271247461903, 28.0, 2.8284271247461903, 1.0, 1.4142135623730951, 1.0, 1.4142135623730951, 1, 0, 0, 0, 0, 0, 0, 0, 12, 6, 4, 9]
27 6
[3.0, 11.313708498984761, 27.0, 1.4142135623730951, 1.0, 1.4142135623730951, 1.0, 1.4142135623730951, 0, 1, 0, 0, 0, 0, 0, 0, 12, 6, 4, 9]
27 7
[2.0, 2.8284271247461903, 27.0, 2.8284271247461903, 1.0, 1.4142135623730951, 1.0, 1.4142135623730951, 0, 0, 0, 0, 0, 0, 0, 0, 12, 6, 4, 9]
26 6
[3.0, 11.313708498984761, 26.0, 1.4142135623730951, 1.0, 1.4142135623730951, 1.0, 1.4142135623730951, 0, 1, 0, 0, 0, 0, 0, 0, 12, 6, 4, 9]
28 7
[12.0, 2.8284271247461903, 1.0, 1.4142135623730951, 1.0, 1.4142135623730951, 1.0, 1.4142135623730951, 1, 0, 0, 0, 0, 0, 0, 0, 12, 6, 4, 9]
27 8
[1.0, 1.4142135623730951, 27.0, 9.899494936611665, 1.0, 1.4142135623730951, 1.0, 1.4142135623730951, 0, 0, 0, 0, 0, 0, 0, 0, 12, 6, 4, 9]
26 7
[2.0, 9.899494936611665, 26.0, 8.48528137423857, 2.0, 1.4142135623730951, 1.0, 1.4142135623730951, 0, 1, 0, 0, 0, 0, 0, 0, 12, 6, 4, 9]
26 6
[1.0, 11.313708498984761, 26.0, 1.4142135623730951, 1.0, 1.4142135623730951, 1.0, 1.4142135623730951, 0, 1, 0, 0, 0, 0, 0, 0, 12, 6, 4, 9]
26 8
[1.0, 1.4142135623730951, 26.0, 9.899494936611665, 1.0, 1.4142135623730951, 1.0, 1.4142135623730951, 0, 0, 0, 0, 0, 0, 0, 0, 12, 6, 4, 9]
25 7
[2.0, 9.899494936611665, 25.0, 8.48528137423857, 2.0, 1.4142135623730951, 1.0, 1.4142135623730951, 0, 1, 0, 0, 0, 0, 0, 0, 12, 6, 4, 9]
27 6
[1.0, 1.4142135623730951, 1.0, 1.4142135623730951, 1.0, 1.4142135623730951, 1.0, 1.4142135623730951, 0, 0, 0, 0, 0, 0, 0, 0, 12, 6, 3, 8]
25 6
[3.0, 11.313708498984761, 25.0, 7.0710678118654755, 1.0, 1.4142135623730951, 1.0, 1.4142135623730951, 0, 1, 0, 0, 0, 0, 0, 0, 12, 6, 4, 9]
25 7
[2.0, 9.899494936611665, 25.0, 8.48528137423857, 1.0, 1.4142135623730951, 1.0, 1.4142135623730951, 0, 1, 0, 0, 0, 0, 0, 0, 12, 6, 4, 9]
24 6
[12.0, 9.899494936611665, 24.0, 7.0710678118654755, 5.0, 1.4142135623730951, 1.0, 1.4142135623730951, 1, 1, 0, 0, 0, 0, 0, 0, 12, 6, 4, 9]
26 7
[2.0, 9.899494936611665, 1.0, 1.4142135623730951, 1.0, 1.4142135623730951, 1.0, 1.4142135623730951, 0, 1, 0, 0, 0, 0, 0, 0, 12, 6, 3, 8]
25 8
[1.0, 8.48528137423857, 25.0, 9.899494936611665, 1.0, 1.4142135623730951, 1.0, 1.4142135623730951, 0, 1, 0, 0, 0, 0, 0, 0, 12, 6, 4, 9]
24 7
[11.0, 9.899494936611665, 24.0, 8.48528137423857, 6.0, 1.4142135623730951, 1.0, 1.4142135623730951, 1, 1, 0, 0, 0, 0, 0, 0, 12, 6, 4, 9]
26 8
[1.0, 1.4142135623730951, 1.0, 1.4142135623730951, 1.0, 1.4142135623730951, 1.0, 1.4142135623730951, 0, 0, 0, 0, 0, 0, 0, 0, 12, 6, 4, 10]
24 8
[10.0, 8.48528137423857, 24.0, 9.899494936611665, 7.0, 1.4142135623730951, 1.0, 1.4142135623730951, 1, 1, 0, 0, 0, 0, 0, 0, 12, 6, 4, 10]
24 7
[1.0, 9.899494936611665, 24.0, 8.48528137423857, 6.0, 1.4142135623730951, 1.0, 1.4142135623730951, 0, 1, 0, 0, 0, 0, 0, 0, 12, 6, 4, 11]
24 9
[9.0, 7.0710678118654755, 6.0, 8.48528137423857, 1.0, 1.4142135623730951, 1.0, 1.4142135623730951, 1, 1, 0, 0, 0, 0, 0, 0, 12, 6, 4, 11]
23 8
[10.0, 8.48528137423857, 23.0, 7.0710678118654755, 7.0, 1.4142135623730951, 1.0, 1.4142135623730951, 1, 1, 0, 0, 0, 0, 0, 0, 12, 6, 4, 11]
24 6
[1.0, 9.899494936611665, 24.0, 7.0710678118654755, 5.0, 1.4142135623730951, 1.0, 1.4142135623730951, 0, 1, 0, 0, 0, 0, 0, 0, 12, 6, 4, 12]
25 7
[1.0, 1.4142135623730951, 1.0, 8.48528137423857, 1.0, 1.4142135623730951, 1.0, 1.4142135623730951, 0, 0, 0, 0, 0, 0, 0, 0, 12, 6, 3, 11]
23 7
[11.0, 8.48528137423857, 23.0, 8.48528137423857, 6.0, 1.4142135623730951, 1.0, 1.4142135623730951, 1, 1, 0, 0, 0, 0, 0, 0, 12, 6, 4, 12]
24 5
[1.0, 8.48528137423857, 6.0, 5.656854249492381, 4.0, 1.4142135623730951, 1.0, 1.4142135623730951, 0, 0, 0, 0, 0, 0, 0, 0, 12, 6, 4, 13]
25 6
[1.0, 1.4142135623730951, 1.0, 7.0710678118654755, 1.0, 1.4142135623730951, 1.0, 1.4142135623730951, 0, 0, 0, 0, 0, 0, 0, 0, 12, 6, 3, 12]
23 6
[12.0, 7.0710678118654755, 23.0, 7.0710678118654755, 5.0, 1.4142135623730951, 1.0, 1.4142135623730951, 1, 0, 0, 0, 0, 0, 0, 0, 12, 6, 4, 13]
23 5
[1.0, 7.0710678118654755, 5.0, 5.656854249492381, 4.0, 1.4142135623730951, 1.0, 1.4142135623730951, 0, 0, 0, 0, 0, 0, 0, 0, 12, 6, 4, 14]
23 7
[11.0, 8.48528137423857, 23.0, 8.48528137423857, 1.0, 1.4142135623730951, 1.0, 1.4142135623730951, 1, 1, 0, 0, 0, 0, 0, 0, 12, 6, 4, 14]
22 6
[12.0, 5.656854249492381, 22.0, 7.0710678118654755, 5.0, 1.4142135623730951, 1.0, 1.4142135623730951, 1, 0, 0, 0, 0, 0, 0, 0, 12, 6, 4, 14]
22 5
[1.0, 5.656854249492381, 4.0, 5.656854249492381, 4.0, 1.4142135623730951, 1.0, 1.4142135623730951, 0, 0, 0, 0, 0, 0, 0, 0, 12, 6, 4, 15]
22 7
[11.0, 5.656854249492381, 22.0, 5.656854249492381, 1.0, 1.4142135623730951, 1.0, 1.4142135623730951, 1, 0, 0, 0, 0, 0, 0, 0, 12, 6, 4, 15]
21 6
[12.0, 4.242640687119285, 21.0, 4.242640687119285, 5.0, 1.4142135623730951, 1.0, 1.4142135623730951, 1, 0, 0, 0, 0, 0, 0, 0, 12, 6, 4, 15]
21 5
[1.0, 5.656854249492381, 3.0, 5.656854249492381, 4.0, 1.4142135623730951, 1.0, 1.4142135623730951, 0, 0, 0, 0, 0, 0, 0, 0, 12, 6, 4, 16]
21 7
[11.0, 4.242640687119285, 21.0, 4.242640687119285, 1.0, 1.4142135623730951, 1.0, 1.4142135623730951, 1, 0, 0, 0, 0, 0, 0, 0, 12, 6, 4, 16]
20 6
[12.0, 4.242640687119285, 20.0, 2.8284271247461903, 5.0, 1.4142135623730951, 1.0, 1.4142135623730951, 1, 0, 0, 0, 0, 0, 0, 0, 12, 6, 4, 16]
20 5
[1.0, 5.656854249492381, 2.0, 2.8284271247461903, 4.0, 1.4142135623730951, 1.0, 1.4142135623730951, 0, 0, 0, 0, 0, 0, 0, 0, 12, 6, 4, 56]
20 7
[11.0, 2.8284271247461903, 20.0, 2.8284271247461903, 1.0, 1.4142135623730951, 1.0, 1.4142135623730951, 1, 0, 0, 0, 0, 0, 0, 0, 12, 6, 4, 56]
19 6
[8.0, 4.242640687119285, 19.0, 1.4142135623730951, 5.0, 2.8284271247461903, 1.0, 2.8284271247461903, 1, 0, 0, 0, 0, 0, 0, 0, 12, 6, 4, 56]
Winner side: Blue
Details:
  Scores:
    Blue -> 66
    Yellow -> 11
