Loading config from configs\gamecfg178.json
Loading neural network from nn\nn_178.pkl
Starting client
Connecting to host 'localhost' port 8178
Connected successfully
joined the game successfully
Side: Blue
2 1
[19.0, 2.8284271247461903, 1.0, 1.4142135623730951, 1.0, 1.4142135623730951, 19.0, 19.79898987322333, 0, 0, 0, 0, 0, 0, 0, 0, 12, 6, 4, 1]
1 2
[18.0, 1.4142135623730951, 1.0, 1.4142135623730951, 1.0, 2.8284271247461903, 20.0, 9.899494936611665, 0, 0, 0, 0, 0, 0, 0, 0, 12, 6, 4, 1]
3 1
[19.0, 4.242640687119285, 1.0, 1.4142135623730951, 1.0, 1.4142135623730951, 18.0, 5.656854249492381, 0, 0, 0, 0, 0, 0, 0, 0, 12, 6, 4, 1]
2 2
[18.0, 2.8284271247461903, 2.0, 1.4142135623730951, 1.0, 2.8284271247461903, 19.0, 9.899494936611665, 0, 0, 0, 0, 0, 0, 0, 0, 12, 6, 4, 1]
4 1
[19.0, 5.656854249492381, 1.0, 1.4142135623730951, 1.0, 1.4142135623730951, 17.0, 4.242640687119285, 0, 0, 0, 0, 0, 0, 0, 0, 12, 6, 4, 1]
3 2
[18.0, 4.242640687119285, 3.0, 1.4142135623730951, 1.0, 2.8284271247461903, 18.0, 18.384776310850235, 0, 0, 0, 0, 0, 0, 0, 0, 12, 6, 4, 1]
5 1
[19.0, 7.0710678118654755, 1.0, 1.4142135623730951, 1.0, 1.4142135623730951, 16.0, 2.8284271247461903, 0, 0, 0, 0, 0, 0, 0, 0, 12, 6, 4, 1]
4 2
[18.0, 5.656854249492381, 4.0, 1.4142135623730951, 1.0, 2.8284271247461903, 17.0, 4.242640687119285, 0, 0, 0, 0, 0, 0, 0, 0, 12, 6, 4, 1]
6 1
[19.0, 8.48528137423857, 1.0, 1.4142135623730951, 1.0, 1.4142135623730951, 15.0, 2.8284271247461903, 0, 0, 0, 0, 0, 0, 0, 0, 12, 6, 4, 1]
5 2
[18.0, 7.0710678118654755, 5.0, 1.4142135623730951, 1.0, 2.8284271247461903, 16.0, 2.8284271247461903, 0, 0, 0, 0, 0, 0, 0, 0, 12, 6, 4, 1]
7 1
[2.0, 9.899494936611665, 1.0, 1.4142135623730951, 1.0, 1.4142135623730951, 14.0, 2.8284271247461903, 0, 0, 0, 0, 0, 0, 0, 0, 12, 6, 4, 1]
6 2
[18.0, 8.48528137423857, 6.0, 1.4142135623730951, 1.0, 2.8284271247461903, 15.0, 1.4142135623730951, 0, 0, 0, 0, 0, 0, 0, 0, 12, 6, 4, 1]
8 1
[2.0, 11.313708498984761, 1.0, 1.4142135623730951, 1.0, 1.4142135623730951, 13.0, 11.313708498984761, 0, 0, 0, 0, 0, 0, 0, 0, 12, 6, 4, 1]
7 2
[1.0, 9.899494936611665, 7.0, 1.4142135623730951, 1.0, 2.8284271247461903, 14.0, 1.4142135623730951, 0, 0, 0, 0, 0, 0, 0, 0, 12, 6, 4, 1]
8 2
[1.0, 1.4142135623730951, 1.0, 1.4142135623730951, 2.0, 2.8284271247461903, 13.0, 1.4142135623730951, 0, 0, 0, 0, 0, 0, 0, 0, 12, 6, 4, 1]
6 2
[18.0, 8.48528137423857, 6.0, 1.4142135623730951, 1.0, 1.4142135623730951, 1.0, 1.4142135623730951, 0, 0, 0, 0, 0, 0, 0, 0, 12, 6, 4, 1]
6 1
[1.0, 8.48528137423857, 1.0, 1.4142135623730951, 1.0, 1.4142135623730951, 1.0, 1.4142135623730951, 0, 0, 0, 0, 0, 0, 0, 0, 12, 6, 3, 0]
6 3
[17.0, 8.48528137423857, 6.0, 2.8284271247461903, 1.0, 1.4142135623730951, 1.0, 1.4142135623730951, 0, 0, 0, 0, 0, 0, 0, 0, 12, 6, 4, 1]
5 2
[18.0, 7.0710678118654755, 5.0, 1.4142135623730951, 1.0, 1.4142135623730951, 1.0, 2.8284271247461903, 0, 0, 0, 0, 0, 0, 0, 0, 12, 6, 4, 1]
6 4
[16.0, 8.48528137423857, 6.0, 4.242640687119285, 1.0, 1.4142135623730951, 1.0, 1.4142135623730951, 0, 0, 0, 0, 0, 0, 0, 0, 12, 6, 4, 1]
5 3
[17.0, 7.0710678118654755, 5.0, 2.8284271247461903, 2.0, 1.4142135623730951, 1.0, 2.8284271247461903, 0, 0, 0, 0, 0, 0, 0, 0, 12, 6, 4, 1]
6 5
[15.0, 8.48528137423857, 6.0, 5.656854249492381, 1.0, 1.4142135623730951, 1.0, 14.142135623730951, 0, 0, 0, 0, 0, 0, 0, 0, 12, 6, 4, 1]
5 4
[16.0, 7.0710678118654755, 5.0, 4.242640687119285, 3.0, 1.4142135623730951, 1.0, 15.556349186104045, 0, 0, 0, 0, 0, 0, 0, 0, 12, 6, 4, 1]
6 6
[14.0, 8.48528137423857, 6.0, 7.0710678118654755, 1.0, 1.4142135623730951, 15.0, 4.242640687119285, 0, 0, 0, 0, 0, 0, 0, 0, 12, 6, 4, 1]
5 5
[15.0, 7.0710678118654755, 5.0, 5.656854249492381, 4.0, 1.4142135623730951, 1.0, 5.656854249492381, 0, 0, 0, 0, 0, 0, 0, 0, 12, 6, 4, 1]
5 4
[1.0, 7.0710678118654755, 5.0, 4.242640687119285, 3.0, 1.4142135623730951, 1.0, 1.4142135623730951, 0, 0, 0, 0, 0, 0, 0, 0, 12, 6, 4, 1]
5 6
[14.0, 7.0710678118654755, 5.0, 7.0710678118654755, 1.0, 1.4142135623730951, 16.0, 4.242640687119285, 0, 0, 0, 0, 0, 0, 0, 0, 12, 6, 4, 1]
4 5
[15.0, 5.656854249492381, 4.0, 5.656854249492381, 4.0, 2.8284271247461903, 1.0, 5.656854249492381, 0, 0, 0, 0, 0, 0, 0, 0, 12, 6, 4, 1]
4 4
[1.0, 5.656854249492381, 4.0, 4.242640687119285, 3.0, 2.8284271247461903, 2.0, 1.4142135623730951, 0, 0, 0, 0, 0, 0, 0, 0, 12, 6, 4, 1]
4 6
[14.0, 5.656854249492381, 4.0, 5.656854249492381, 1.0, 1.4142135623730951, 17.0, 4.242640687119285, 0, 0, 0, 0, 0, 0, 0, 0, 12, 6, 4, 1]
3 5
[15.0, 4.242640687119285, 3.0, 4.242640687119285, 4.0, 4.242640687119285, 1.0, 5.656854249492381, 0, 0, 0, 0, 0, 0, 0, 0, 12, 6, 4, 1]
3 4
[1.0, 4.242640687119285, 3.0, 4.242640687119285, 3.0, 4.242640687119285, 3.0, 1.4142135623730951, 0, 0, 0, 0, 0, 0, 0, 0, 12, 6, 4, 1]
3 6
[14.0, 4.242640687119285, 3.0, 4.242640687119285, 1.0, 1.4142135623730951, 18.0, 5.656854249492381, 0, 0, 0, 0, 0, 0, 0, 0, 12, 6, 4, 1]
2 5
[15.0, 2.8284271247461903, 2.0, 2.8284271247461903, 4.0, 5.656854249492381, 1.0, 7.0710678118654755, 0, 0, 0, 0, 0, 0, 0, 0, 12, 6, 4, 1]
2 4
[1.0, 2.8284271247461903, 2.0, 2.8284271247461903, 3.0, 4.242640687119285, 4.0, 1.4142135623730951, 0, 0, 0, 0, 0, 0, 0, 0, 12, 6, 4, 1]
2 6
[14.0, 2.8284271247461903, 2.0, 2.8284271247461903, 1.0, 1.4142135623730951, 19.0, 7.0710678118654755, 0, 0, 0, 0, 0, 0, 0, 0, 12, 6, 4, 1]
1 5
[15.0, 1.4142135623730951, 1.0, 1.4142135623730951, 4.0, 5.656854249492381, 1.0, 8.48528137423857, 0, 0, 0, 0, 0, 0, 0, 0, 12, 6, 4, 1]
1 4
[1.0, 1.4142135623730951, 1.0, 1.4142135623730951, 3.0, 4.242640687119285, 5.0, 1.4142135623730951, 0, 0, 0, 0, 0, 0, 0, 0, 12, 6, 4, 1]
1 6
[14.0, 1.4142135623730951, 1.0, 1.4142135623730951, 1.0, 1.4142135623730951, 20.0, 19.79898987322333, 0, 0, 0, 0, 0, 0, 0, 0, 12, 6, 4, 1]
1 3
[1.0, 1.4142135623730951, 1.0, 1.4142135623730951, 2.0, 2.8284271247461903, 5.0, 2.8284271247461903, 0, 0, 0, 0, 0, 0, 0, 0, 12, 6, 4, 1]
2 4
[1.0, 1.4142135623730951, 1.0, 2.8284271247461903, 3.0, 4.242640687119285, 4.0, 1.4142135623730951, 0, 0, 0, 0, 0, 0, 0, 0, 12, 6, 4, 1]
2 3
[1.0, 1.4142135623730951, 2.0, 2.8284271247461903, 2.0, 2.8284271247461903, 4.0, 2.8284271247461903, 0, 0, 0, 0, 0, 0, 0, 0, 12, 6, 4, 1]
3 4
[1.0, 1.4142135623730951, 1.0, 4.242640687119285, 3.0, 4.242640687119285, 3.0, 1.4142135623730951, 0, 0, 0, 0, 0, 0, 0, 0, 12, 6, 4, 1]
2 5
[15.0, 2.8284271247461903, 1.0, 1.4142135623730951, 1.0, 5.656854249492381, 1.0, 7.0710678118654755, 0, 0, 0, 0, 0, 0, 0, 0, 12, 6, 3, 0]
3 5
[15.0, 4.242640687119285, 1.0, 1.4142135623730951, 4.0, 4.242640687119285, 1.0, 5.656854249492381, 0, 0, 0, 0, 0, 0, 0, 0, 11, 6, 3, -1]
2 6
[14.0, 2.8284271247461903, 2.0, 1.4142135623730951, 1.0, 1.4142135623730951, 19.0, 7.0710678118654755, 0, 0, 0, 0, 0, 0, 0, 0, 11, 6, 4, 0]
1 5
[15.0, 1.4142135623730951, 1.0, 1.4142135623730951, 1.0, 1.4142135623730951, 1.0, 8.48528137423857, 0, 0, 0, 0, 0, 0, 0, 0, 11, 6, 3, -1]
3 4
[1.0, 1.4142135623730951, 1.0, 4.242640687119285, 3.0, 4.242640687119285, 3.0, 1.4142135623730951, 0, 0, 0, 0, 0, 0, 0, 0, 10, 5, 4, -1]
4 5
[15.0, 5.656854249492381, 1.0, 5.656854249492381, 4.0, 2.8284271247461903, 1.0, 5.656854249492381, 0, 0, 0, 0, 0, 0, 0, 0, 10, 5, 3, -2]
3 6
[14.0, 4.242640687119285, 3.0, 1.4142135623730951, 1.0, 1.4142135623730951, 18.0, 5.656854249492381, 0, 0, 0, 0, 0, 0, 0, 0, 10, 5, 4, -1]
3 3
[1.0, 1.4142135623730951, 3.0, 2.8284271247461903, 2.0, 2.8284271247461903, 3.0, 2.8284271247461903, 0, 0, 0, 0, 0, 0, 0, 0, 9, 4, 4, 0]
4 4
[1.0, 1.4142135623730951, 1.0, 4.242640687119285, 3.0, 2.8284271247461903, 2.0, 1.4142135623730951, 0, 0, 0, 0, 0, 0, 0, 0, 9, 4, 4, 0]
2 4
[1.0, 1.4142135623730951, 1.0, 2.8284271247461903, 3.0, 4.242640687119285, 1.0, 1.4142135623730951, 0, 0, 0, 0, 0, 0, 0, 0, 9, 4, 3, -1]
2 3
[1.0, 1.4142135623730951, 2.0, 2.8284271247461903, 2.0, 2.8284271247461903, 4.0, 1.4142135623730951, 0, 0, 0, 0, 0, 0, 0, 0, 8, 3, 4, 0]
2 5
[15.0, 2.8284271247461903, 1.0, 1.4142135623730951, 1.0, 1.4142135623730951, 1.0, 7.0710678118654755, 0, 0, 0, 0, 0, 0, 0, 0, 8, 3, 3, -1]
1 4
[1.0, 1.4142135623730951, 1.0, 1.4142135623730951, 3.0, 4.242640687119285, 1.0, 1.4142135623730951, 0, 0, 0, 0, 0, 0, 0, 0, 8, 3, 3, -1]
1 3
[1.0, 1.4142135623730951, 1.0, 1.4142135623730951, 2.0, 2.8284271247461903, 5.0, 1.4142135623730951, 0, 0, 0, 0, 0, 0, 0, 0, 7, 2, 4, 0]
1 5
[15.0, 1.4142135623730951, 1.0, 1.4142135623730951, 1.0, 1.4142135623730951, 1.0, 8.48528137423857, 0, 0, 0, 0, 0, 0, 0, 0, 7, 2, 3, -1]
2 5
[15.0, 2.8284271247461903, 1.0, 1.4142135623730951, 1.0, 1.4142135623730951, 1.0, 7.0710678118654755, 0, 0, 0, 0, 0, 0, 0, 0, 6, 1, 3, -1]
1 6
[14.0, 1.4142135623730951, 1.0, 1.4142135623730951, 1.0, 1.4142135623730951, 20.0, 19.79898987322333, 0, 0, 0, 0, 0, 0, 0, 0, 6, 1, 4, 0]
2 4
[1.0, 1.4142135623730951, 1.0, 2.8284271247461903, 3.0, 4.242640687119285, 1.0, 1.4142135623730951, 0, 0, 0, 0, 0, 0, 0, 0, 12, 6, 2, -1]
3 5
[15.0, 4.242640687119285, 1.0, 1.4142135623730951, 1.0, 4.242640687119285, 1.0, 5.656854249492381, 0, 0, 0, 0, 0, 0, 0, 0, 12, 6, 2, -1]
2 6
[14.0, 2.8284271247461903, 2.0, 1.4142135623730951, 1.0, 1.4142135623730951, 19.0, 7.0710678118654755, 0, 0, 0, 0, 0, 0, 0, 0, 12, 6, 3, 0]
2 3
[1.0, 1.4142135623730951, 2.0, 2.8284271247461903, 2.0, 2.8284271247461903, 4.0, 1.4142135623730951, 0, 0, 0, 0, 0, 0, 0, 0, 12, 6, 2, 0]
3 4
[1.0, 1.4142135623730951, 1.0, 4.242640687119285, 3.0, 4.242640687119285, 3.0, 1.4142135623730951, 0, 0, 0, 0, 0, 0, 0, 0, 12, 6, 1, -1]
1 4
[1.0, 1.4142135623730951, 1.0, 1.4142135623730951, 3.0, 4.242640687119285, 1.0, 1.4142135623730951, 0, 0, 0, 0, 0, 0, 0, 0, 12, 6, 1, -1]
1 3
[1.0, 1.4142135623730951, 1.0, 1.4142135623730951, 2.0, 2.8284271247461903, 5.0, 1.4142135623730951, 0, 0, 0, 0, 0, 0, 0, 0, 12, 6, 1, 0]
1 5
[15.0, 1.4142135623730951, 1.0, 1.4142135623730951, 1.0, 1.4142135623730951, 1.0, 8.48528137423857, 0, 0, 0, 0, 0, 0, 0, 0, 12, 6, 1, -41]
2 5
[15.0, 2.8284271247461903, 1.0, 1.4142135623730951, 1.0, 1.4142135623730951, 1.0, 7.0710678118654755, 0, 0, 0, 0, 0, 0, 0, 0, 12, 6, 0, -80]
1 6
[14.0, 1.4142135623730951, 1.0, 1.4142135623730951, 1.0, 1.4142135623730951, 20.0, 19.79898987322333, 0, 0, 0, 0, 0, 0, 0, 0, 12, 6, 0, -39]
Winner side: Yellow
Details:
  Scores:
    Blue -> -20
    Yellow -> 20
