Loading config from configs\gamecfg30.json
Loading neural network from nn\nn_30.pkl
Starting client
Connecting to host 'localhost' port 8030
Connected successfully
joined the game successfully
Side: Blue
2 1
[19.0, 2.8284271247461903, 1.0, 1.4142135623730951, 1.0, 1.4142135623730951, 19.0, 19.79898987322333, 0, 0, 0, 0, 0, 0, 0, 0, 12, 6, 4, 1]
1 2
[18.0, 1.4142135623730951, 1.0, 1.4142135623730951, 1.0, 2.8284271247461903, 20.0, 9.899494936611665, 0, 0, 0, 0, 0, 0, 0, 0, 12, 6, 4, 1]
2 2
[18.0, 2.8284271247461903, 1.0, 1.4142135623730951, 2.0, 2.8284271247461903, 19.0, 9.899494936611665, 0, 0, 0, 0, 0, 0, 0, 0, 12, 6, 4, 1]
1 3
[17.0, 1.4142135623730951, 1.0, 1.4142135623730951, 1.0, 4.242640687119285, 6.0, 8.48528137423857, 0, 0, 0, 0, 0, 0, 0, 0, 12, 6, 4, 1]
2 1
[1.0, 1.4142135623730951, 1.0, 1.4142135623730951, 1.0, 1.4142135623730951, 19.0, 19.79898987322333, 0, 0, 0, 0, 0, 0, 0, 0, 12, 6, 4, 1]
3 2
[18.0, 4.242640687119285, 1.0, 2.8284271247461903, 2.0, 2.8284271247461903, 18.0, 18.384776310850235, 0, 0, 0, 0, 0, 0, 0, 0, 12, 6, 4, 1]
2 3
[17.0, 2.8284271247461903, 2.0, 1.4142135623730951, 1.0, 4.242640687119285, 5.0, 8.48528137423857, 0, 0, 0, 0, 0, 0, 0, 0, 12, 6, 4, 1]
3 1
[1.0, 1.4142135623730951, 2.0, 1.4142135623730951, 1.0, 1.4142135623730951, 18.0, 5.656854249492381, 0, 0, 0, 0, 0, 0, 0, 0, 12, 6, 4, 1]
4 2
[18.0, 5.656854249492381, 1.0, 2.8284271247461903, 2.0, 2.8284271247461903, 17.0, 4.242640687119285, 0, 0, 0, 0, 0, 0, 0, 0, 12, 6, 4, 1]
3 3
[17.0, 4.242640687119285, 3.0, 1.4142135623730951, 1.0, 4.242640687119285, 4.0, 8.48528137423857, 0, 0, 0, 0, 0, 0, 0, 0, 12, 6, 4, 1]
4 1
[1.0, 1.4142135623730951, 3.0, 1.4142135623730951, 1.0, 1.4142135623730951, 17.0, 4.242640687119285, 0, 0, 0, 0, 0, 0, 0, 0, 12, 6, 4, 1]
5 2
[18.0, 7.0710678118654755, 1.0, 2.8284271247461903, 2.0, 2.8284271247461903, 16.0, 2.8284271247461903, 0, 0, 0, 0, 0, 0, 0, 0, 12, 6, 4, 1]
4 3
[17.0, 5.656854249492381, 4.0, 1.4142135623730951, 1.0, 4.242640687119285, 3.0, 16.97056274847714, 0, 0, 0, 0, 0, 0, 0, 0, 12, 6, 4, 1]
5 1
[1.0, 1.4142135623730951, 4.0, 1.4142135623730951, 1.0, 1.4142135623730951, 16.0, 2.8284271247461903, 0, 0, 0, 0, 0, 0, 0, 0, 12, 6, 4, 1]
6 2
[18.0, 8.48528137423857, 1.0, 2.8284271247461903, 2.0, 2.8284271247461903, 15.0, 1.4142135623730951, 0, 0, 0, 0, 0, 0, 0, 0, 12, 6, 4, 1]
5 3
[17.0, 7.0710678118654755, 5.0, 1.4142135623730951, 1.0, 4.242640687119285, 2.0, 2.8284271247461903, 0, 0, 0, 0, 0, 0, 0, 0, 12, 6, 4, 1]
6 1
[1.0, 1.4142135623730951, 5.0, 1.4142135623730951, 1.0, 1.4142135623730951, 15.0, 2.8284271247461903, 0, 0, 0, 0, 0, 0, 0, 0, 12, 6, 4, 1]
7 2
[1.0, 9.899494936611665, 1.0, 2.8284271247461903, 2.0, 2.8284271247461903, 14.0, 1.4142135623730951, 0, 0, 0, 0, 0, 0, 0, 0, 12, 6, 4, 1]
6 3
[17.0, 8.48528137423857, 6.0, 1.4142135623730951, 1.0, 4.242640687119285, 1.0, 1.4142135623730951, 0, 0, 0, 0, 0, 0, 0, 0, 12, 6, 4, 1]
7 1
[1.0, 1.4142135623730951, 6.0, 1.4142135623730951, 1.0, 1.4142135623730951, 14.0, 2.8284271247461903, 0, 0, 0, 0, 0, 0, 0, 0, 12, 6, 4, 1]
8 2
[1.0, 1.4142135623730951, 1.0, 2.8284271247461903, 2.0, 2.8284271247461903, 13.0, 1.4142135623730951, 0, 0, 0, 0, 0, 0, 0, 0, 12, 6, 4, 1]
8 1
[2.0, 1.4142135623730951, 1.0, 1.4142135623730951, 1.0, 1.4142135623730951, 13.0, 11.313708498984761, 0, 0, 0, 0, 0, 0, 0, 0, 12, 6, 4, 1]
6 1
[1.0, 1.4142135623730951, 5.0, 1.4142135623730951, 1.0, 1.4142135623730951, 1.0, 1.4142135623730951, 0, 0, 0, 0, 0, 0, 0, 0, 12, 6, 4, 1]
9 1
[2.0, 2.8284271247461903, 1.0, 1.4142135623730951, 1.0, 1.4142135623730951, 12.0, 11.313708498984761, 0, 0, 0, 0, 0, 0, 0, 0, 12, 6, 4, 1]
8 2
[1.0, 1.4142135623730951, 1.0, 1.4142135623730951, 1.0, 2.8284271247461903, 13.0, 1.4142135623730951, 0, 0, 0, 0, 0, 0, 0, 0, 12, 6, 4, 1]
9 2
[1.0, 1.4142135623730951, 1.0, 1.4142135623730951, 2.0, 2.8284271247461903, 12.0, 9.899494936611665, 0, 0, 0, 0, 0, 0, 0, 0, 12, 6, 4, 1]
7 2
[1.0, 9.899494936611665, 1.0, 2.8284271247461903, 1.0, 1.4142135623730951, 1.0, 1.4142135623730951, 0, 0, 0, 0, 0, 0, 0, 0, 12, 6, 3, 0]
9 1
[1.0, 1.4142135623730951, 1.0, 1.4142135623730951, 1.0, 1.4142135623730951, 12.0, 11.313708498984761, 0, 0, 0, 0, 0, 0, 0, 0, 12, 6, 4, 1]
10 2
[18.0, 1.4142135623730951, 1.0, 2.8284271247461903, 2.0, 2.8284271247461903, 11.0, 9.899494936611665, 0, 0, 0, 0, 0, 0, 0, 0, 12, 6, 4, 1]
10 1
[1.0, 1.4142135623730951, 2.0, 1.4142135623730951, 1.0, 1.4142135623730951, 11.0, 11.313708498984761, 0, 0, 0, 0, 0, 0, 0, 0, 12, 6, 4, 1]
11 2
[18.0, 2.8284271247461903, 1.0, 2.8284271247461903, 2.0, 2.8284271247461903, 10.0, 9.899494936611665, 0, 0, 0, 0, 0, 0, 0, 0, 12, 6, 4, 1]
10 3
[17.0, 1.4142135623730951, 1.0, 1.4142135623730951, 1.0, 4.242640687119285, 6.0, 8.48528137423857, 0, 0, 0, 0, 0, 0, 0, 0, 12, 6, 4, 1]
11 1
[1.0, 1.4142135623730951, 3.0, 1.4142135623730951, 1.0, 1.4142135623730951, 10.0, 14.142135623730951, 0, 0, 0, 0, 0, 0, 0, 0, 12, 6, 4, 1]
12 2
[18.0, 4.242640687119285, 1.0, 2.8284271247461903, 2.0, 2.8284271247461903, 9.0, 12.727922061357855, 0, 0, 0, 0, 0, 0, 0, 0, 12, 6, 4, 1]
11 3
[17.0, 2.8284271247461903, 2.0, 1.4142135623730951, 1.0, 4.242640687119285, 5.0, 8.48528137423857, 0, 0, 0, 0, 0, 0, 0, 0, 12, 6, 4, 1]
12 1
[1.0, 1.4142135623730951, 4.0, 1.4142135623730951, 1.0, 1.4142135623730951, 9.0, 5.656854249492381, 0, 0, 0, 0, 0, 0, 0, 0, 12, 6, 4, 1]
13 2
[18.0, 18.384776310850235, 1.0, 2.8284271247461903, 2.0, 2.8284271247461903, 8.0, 4.242640687119285, 0, 0, 0, 0, 0, 0, 0, 0, 12, 6, 4, 1]
12 3
[17.0, 16.97056274847714, 3.0, 1.4142135623730951, 1.0, 4.242640687119285, 4.0, 8.48528137423857, 0, 0, 0, 0, 0, 0, 0, 0, 12, 6, 4, 1]
13 1
[1.0, 1.4142135623730951, 5.0, 1.4142135623730951, 1.0, 1.4142135623730951, 8.0, 4.242640687119285, 0, 0, 0, 0, 0, 0, 0, 0, 12, 6, 4, 1]
14 2
[18.0, 9.899494936611665, 1.0, 2.8284271247461903, 2.0, 2.8284271247461903, 7.0, 2.8284271247461903, 0, 0, 0, 0, 0, 0, 0, 0, 12, 6, 4, 1]
13 3
[17.0, 8.48528137423857, 4.0, 1.4142135623730951, 1.0, 4.242640687119285, 3.0, 11.313708498984761, 0, 0, 0, 0, 0, 0, 0, 0, 12, 6, 4, 1]
14 1
[1.0, 1.4142135623730951, 6.0, 1.4142135623730951, 1.0, 1.4142135623730951, 7.0, 2.8284271247461903, 0, 0, 0, 0, 0, 0, 0, 0, 12, 6, 4, 1]
15 2
[18.0, 9.899494936611665, 1.0, 2.8284271247461903, 2.0, 2.8284271247461903, 6.0, 1.4142135623730951, 0, 0, 0, 0, 0, 0, 0, 0, 12, 6, 4, 1]
14 3
[17.0, 8.48528137423857, 5.0, 1.4142135623730951, 1.0, 4.242640687119285, 2.0, 2.8284271247461903, 0, 0, 0, 0, 0, 0, 0, 0, 12, 6, 4, 1]
15 1
[1.0, 1.4142135623730951, 7.0, 1.4142135623730951, 1.0, 1.4142135623730951, 6.0, 2.8284271247461903, 0, 0, 0, 0, 0, 0, 0, 0, 12, 6, 4, 1]
16 2
[1.0, 9.899494936611665, 1.0, 2.8284271247461903, 2.0, 2.8284271247461903, 5.0, 1.4142135623730951, 0, 0, 0, 0, 0, 0, 0, 0, 12, 6, 4, 1]
15 3
[17.0, 8.48528137423857, 6.0, 1.4142135623730951, 1.0, 4.242640687119285, 1.0, 1.4142135623730951, 0, 0, 0, 0, 0, 0, 0, 0, 12, 6, 4, 1]
16 1
[2.0, 1.4142135623730951, 1.0, 1.4142135623730951, 1.0, 1.4142135623730951, 5.0, 2.8284271247461903, 0, 0, 0, 0, 0, 0, 0, 0, 12, 6, 4, 1]
14 1
[1.0, 1.4142135623730951, 6.0, 1.4142135623730951, 1.0, 1.4142135623730951, 1.0, 1.4142135623730951, 0, 0, 0, 0, 0, 0, 0, 0, 12, 6, 4, 1]
17 1
[2.0, 11.313708498984761, 1.0, 1.4142135623730951, 1.0, 1.4142135623730951, 4.0, 5.656854249492381, 0, 0, 0, 0, 0, 0, 0, 0, 12, 6, 4, 1]
16 2
[1.0, 9.899494936611665, 1.0, 1.4142135623730951, 1.0, 2.8284271247461903, 5.0, 1.4142135623730951, 0, 0, 0, 0, 0, 0, 0, 0, 12, 6, 4, 1]
17 2
[1.0, 1.4142135623730951, 1.0, 1.4142135623730951, 2.0, 2.8284271247461903, 4.0, 1.4142135623730951, 0, 0, 0, 0, 0, 0, 0, 0, 12, 6, 4, 1]
15 2
[18.0, 9.899494936611665, 1.0, 2.8284271247461903, 1.0, 1.4142135623730951, 1.0, 1.4142135623730951, 0, 0, 0, 0, 0, 0, 0, 0, 12, 6, 3, 0]
15 1
[1.0, 1.4142135623730951, 7.0, 1.4142135623730951, 1.0, 1.4142135623730951, 1.0, 1.4142135623730951, 0, 0, 0, 0, 0, 0, 0, 0, 11, 6, 3, -1]
15 3
[17.0, 8.48528137423857, 6.0, 1.4142135623730951, 1.0, 1.4142135623730951, 1.0, 1.4142135623730951, 0, 0, 0, 0, 0, 0, 0, 0, 11, 6, 4, 0]
14 2
[18.0, 9.899494936611665, 1.0, 2.8284271247461903, 2.0, 1.4142135623730951, 1.0, 2.8284271247461903, 0, 0, 0, 0, 0, 0, 0, 0, 11, 6, 3, -1]
15 4
[16.0, 8.48528137423857, 6.0, 2.8284271247461903, 1.0, 1.4142135623730951, 1.0, 1.4142135623730951, 0, 0, 0, 0, 0, 0, 0, 0, 10, 5, 4, 0]
14 3
[17.0, 8.48528137423857, 5.0, 1.4142135623730951, 1.0, 1.4142135623730951, 1.0, 2.8284271247461903, 0, 0, 0, 0, 0, 0, 0, 0, 10, 5, 4, 0]
15 5
[15.0, 8.48528137423857, 6.0, 4.242640687119285, 1.0, 1.4142135623730951, 1.0, 8.48528137423857, 0, 0, 0, 0, 0, 0, 0, 0, 9, 4, 4, 0]
14 4
[16.0, 7.0710678118654755, 5.0, 2.8284271247461903, 2.0, 1.4142135623730951, 1.0, 9.899494936611665, 0, 0, 0, 0, 0, 0, 0, 0, 9, 4, 4, 0]
15 6
[14.0, 19.79898987322333, 15.0, 5.656854249492381, 1.0, 1.4142135623730951, 6.0, 4.242640687119285, 0, 0, 0, 0, 0, 0, 0, 0, 8, 3, 4, 0]
14 5
[15.0, 7.0710678118654755, 5.0, 4.242640687119285, 3.0, 1.4142135623730951, 1.0, 5.656854249492381, 0, 0, 0, 0, 0, 0, 0, 0, 8, 3, 4, 0]
16 6
[3.0, 12.727922061357855, 1.0, 1.4142135623730951, 1.0, 1.4142135623730951, 5.0, 7.0710678118654755, 0, 0, 0, 0, 0, 0, 0, 0, 7, 2, 4, 0]
15 7
[13.0, 11.313708498984761, 15.0, 7.0710678118654755, 1.0, 2.8284271247461903, 6.0, 2.8284271247461903, 0, 0, 0, 0, 0, 0, 0, 0, 7, 2, 4, 0]
14 6
[14.0, 7.0710678118654755, 14.0, 5.656854249492381, 4.0, 1.4142135623730951, 1.0, 4.242640687119285, 0, 0, 0, 0, 0, 0, 0, 0, 7, 2, 4, 0]
16 7
[2.0, 11.313708498984761, 1.0, 1.4142135623730951, 2.0, 2.8284271247461903, 5.0, 2.8284271247461903, 0, 0, 0, 0, 0, 0, 0, 0, 6, 1, 4, 0]
15 8
[12.0, 9.899494936611665, 15.0, 8.48528137423857, 1.0, 4.242640687119285, 6.0, 1.4142135623730951, 0, 0, 0, 0, 0, 0, 0, 0, 6, 1, 4, 0]
14 7
[13.0, 18.384776310850235, 14.0, 7.0710678118654755, 5.0, 1.4142135623730951, 1.0, 2.8284271247461903, 0, 0, 0, 0, 0, 0, 0, 0, 6, 1, 4, 0]
16 8
[1.0, 9.899494936611665, 1.0, 1.4142135623730951, 3.0, 7.0710678118654755, 5.0, 1.4142135623730951, 0, 0, 0, 0, 0, 0, 0, 0, 12, 6, 4, 0]
15 9
[11.0, 8.48528137423857, 6.0, 8.48528137423857, 1.0, 8.48528137423857, 1.0, 1.4142135623730951, 0, 0, 0, 0, 0, 0, 0, 0, 12, 6, 4, 0]
14 8
[12.0, 9.899494936611665, 14.0, 7.0710678118654755, 6.0, 1.4142135623730951, 1.0, 2.8284271247461903, 0, 0, 0, 0, 0, 0, 0, 0, 12, 6, 4, 0]
14 7
[1.0, 18.384776310850235, 14.0, 7.0710678118654755, 5.0, 1.4142135623730951, 1.0, 1.4142135623730951, 0, 0, 0, 0, 0, 0, 0, 0, 12, 6, 4, 0]
14 9
[11.0, 8.48528137423857, 5.0, 7.0710678118654755, 1.0, 1.4142135623730951, 2.0, 2.8284271247461903, 0, 0, 0, 0, 0, 0, 0, 0, 12, 6, 4, 0]
13 8
[12.0, 16.97056274847714, 13.0, 5.656854249492381, 6.0, 2.8284271247461903, 1.0, 4.242640687119285, 0, 0, 0, 0, 0, 0, 0, 0, 12, 6, 4, 0]
13 7
[1.0, 5.656854249492381, 13.0, 5.656854249492381, 5.0, 2.8284271247461903, 2.0, 1.4142135623730951, 0, 0, 0, 0, 0, 0, 0, 0, 12, 6, 4, 0]
13 9
[11.0, 8.48528137423857, 4.0, 5.656854249492381, 1.0, 1.4142135623730951, 3.0, 11.313708498984761, 0, 0, 0, 0, 0, 0, 0, 0, 12, 6, 4, 0]
12 8
[12.0, 4.242640687119285, 12.0, 4.242640687119285, 6.0, 4.242640687119285, 1.0, 12.727922061357855, 0, 0, 0, 0, 0, 0, 0, 0, 12, 6, 4, 0]
13 6
[1.0, 5.656854249492381, 13.0, 5.656854249492381, 4.0, 2.8284271247461903, 2.0, 2.8284271247461903, 0, 0, 0, 0, 0, 0, 0, 0, 12, 6, 4, 0]
14 7
[1.0, 1.4142135623730951, 1.0, 7.0710678118654755, 5.0, 1.4142135623730951, 1.0, 1.4142135623730951, 0, 0, 0, 0, 0, 0, 0, 0, 12, 6, 4, 0]
12 7
[13.0, 4.242640687119285, 12.0, 4.242640687119285, 5.0, 4.242640687119285, 1.0, 1.4142135623730951, 0, 0, 0, 0, 0, 0, 0, 0, 12, 6, 4, 0]
12 6
[1.0, 4.242640687119285, 12.0, 4.242640687119285, 4.0, 4.242640687119285, 3.0, 1.4142135623730951, 0, 0, 0, 0, 0, 0, 0, 0, 12, 6, 4, 0]
12 8
[12.0, 4.242640687119285, 12.0, 4.242640687119285, 1.0, 1.4142135623730951, 1.0, 12.727922061357855, 0, 0, 0, 0, 0, 0, 0, 0, 12, 6, 4, 0]
11 7
[13.0, 2.8284271247461903, 11.0, 2.8284271247461903, 5.0, 5.656854249492381, 1.0, 14.142135623730951, 0, 0, 0, 0, 0, 0, 0, 0, 12, 6, 4, 0]
12 5
[1.0, 5.656854249492381, 3.0, 4.242640687119285, 3.0, 4.242640687119285, 3.0, 4.242640687119285, 0, 0, 0, 0, 0, 0, 0, 0, 12, 6, 4, 0]
13 6
[1.0, 1.4142135623730951, 1.0, 5.656854249492381, 4.0, 2.8284271247461903, 2.0, 2.8284271247461903, 0, 0, 0, 0, 0, 0, 0, 0, 12, 6, 4, 0]
11 6
[14.0, 4.242640687119285, 11.0, 2.8284271247461903, 4.0, 5.656854249492381, 1.0, 1.4142135623730951, 0, 0, 0, 0, 0, 0, 0, 0, 12, 6, 4, 0]
11 5
[1.0, 5.656854249492381, 2.0, 2.8284271247461903, 3.0, 4.242640687119285, 4.0, 1.4142135623730951, 0, 0, 0, 0, 0, 0, 0, 0, 12, 6, 4, 0]
11 7
[13.0, 2.8284271247461903, 11.0, 2.8284271247461903, 1.0, 1.4142135623730951, 1.0, 14.142135623730951, 0, 0, 0, 0, 0, 0, 0, 0, 12, 6, 4, 0]
10 6
[14.0, 4.242640687119285, 10.0, 1.4142135623730951, 4.0, 5.656854249492381, 1.0, 15.556349186104045, 0, 0, 0, 0, 0, 0, 0, 0, 12, 6, 4, 0]
10 5
[1.0, 14.142135623730951, 1.0, 1.4142135623730951, 3.0, 4.242640687119285, 5.0, 1.4142135623730951, 0, 0, 0, 0, 0, 0, 0, 0, 12, 6, 4, 0]
10 7
[13.0, 2.8284271247461903, 10.0, 2.8284271247461903, 1.0, 1.4142135623730951, 2.0, 11.313708498984761, 0, 0, 0, 0, 0, 0, 0, 0, 12, 6, 4, 0]
9 6
[3.0, 12.727922061357855, 9.0, 1.4142135623730951, 1.0, 5.656854249492381, 1.0, 12.727922061357855, 0, 0, 0, 0, 0, 0, 0, 0, 12, 6, 4, 0]
10 4
[1.0, 1.4142135623730951, 1.0, 1.4142135623730951, 2.0, 2.8284271247461903, 5.0, 2.8284271247461903, 0, 0, 0, 0, 0, 0, 0, 0, 12, 6, 4, 0]
11 5
[1.0, 1.4142135623730951, 1.0, 2.8284271247461903, 3.0, 4.242640687119285, 4.0, 1.4142135623730951, 0, 0, 0, 0, 0, 0, 0, 0, 12, 6, 4, 0]
11 4
[1.0, 1.4142135623730951, 2.0, 2.8284271247461903, 2.0, 2.8284271247461903, 4.0, 5.656854249492381, 0, 0, 0, 0, 0, 0, 0, 0, 12, 6, 4, 0]
12 5
[1.0, 1.4142135623730951, 1.0, 4.242640687119285, 3.0, 4.242640687119285, 3.0, 4.242640687119285, 0, 0, 0, 0, 0, 0, 0, 0, 12, 6, 4, 0]
11 6
[14.0, 4.242640687119285, 1.0, 1.4142135623730951, 1.0, 5.656854249492381, 1.0, 1.4142135623730951, 0, 0, 0, 0, 0, 0, 0, 0, 12, 6, 3, -1]
12 6
[1.0, 4.242640687119285, 1.0, 1.4142135623730951, 4.0, 4.242640687119285, 3.0, 1.4142135623730951, 0, 0, 0, 0, 0, 0, 0, 0, 11, 6, 3, -2]
11 7
[13.0, 2.8284271247461903, 11.0, 1.4142135623730951, 1.0, 1.4142135623730951, 1.0, 14.142135623730951, 0, 0, 0, 0, 0, 0, 0, 0, 11, 6, 4, -1]
10 6
[14.0, 4.242640687119285, 10.0, 1.4142135623730951, 1.0, 1.4142135623730951, 1.0, 15.556349186104045, 0, 0, 0, 0, 0, 0, 0, 0, 11, 6, 3, -2]
12 5
[1.0, 1.4142135623730951, 1.0, 4.242640687119285, 3.0, 4.242640687119285, 3.0, 4.242640687119285, 0, 0, 0, 0, 0, 0, 0, 0, 10, 5, 4, -2]
13 6
[1.0, 1.4142135623730951, 1.0, 5.656854249492381, 4.0, 2.8284271247461903, 2.0, 2.8284271247461903, 0, 0, 0, 0, 0, 0, 0, 0, 10, 5, 4, -2]
12 7
[13.0, 4.242640687119285, 12.0, 1.4142135623730951, 1.0, 4.242640687119285, 1.0, 1.4142135623730951, 0, 0, 0, 0, 0, 0, 0, 0, 10, 5, 3, -3]
13 7
[1.0, 5.656854249492381, 1.0, 1.4142135623730951, 5.0, 2.8284271247461903, 2.0, 1.4142135623730951, 0, 0, 0, 0, 0, 0, 0, 0, 9, 4, 3, -4]
12 8
[12.0, 4.242640687119285, 12.0, 2.8284271247461903, 1.0, 1.4142135623730951, 1.0, 12.727922061357855, 0, 0, 0, 0, 0, 0, 0, 0, 9, 4, 4, -3]
11 7
[13.0, 2.8284271247461903, 11.0, 1.4142135623730951, 1.0, 1.4142135623730951, 1.0, 14.142135623730951, 0, 0, 0, 0, 0, 0, 0, 0, 9, 4, 4, -3]
13 8
[12.0, 16.97056274847714, 1.0, 1.4142135623730951, 1.0, 2.8284271247461903, 1.0, 4.242640687119285, 0, 0, 0, 0, 0, 0, 0, 0, 8, 3, 3, -4]
12 9
[11.0, 15.556349186104045, 3.0, 5.656854249492381, 1.0, 1.4142135623730951, 4.0, 8.48528137423857, 0, 0, 0, 0, 0, 0, 0, 0, 8, 3, 4, -3]
11 8
[12.0, 2.8284271247461903, 11.0, 4.242640687119285, 2.0, 1.4142135623730951, 1.0, 9.899494936611665, 0, 0, 0, 0, 0, 0, 0, 0, 8, 3, 4, -3]
13 9
[11.0, 8.48528137423857, 1.0, 1.4142135623730951, 1.0, 1.4142135623730951, 3.0, 11.313708498984761, 0, 0, 0, 0, 0, 0, 0, 0, 7, 2, 4, -3]
12 10
[10.0, 7.0710678118654755, 3.0, 7.0710678118654755, 1.0, 2.8284271247461903, 4.0, 7.0710678118654755, 0, 0, 0, 0, 0, 0, 0, 0, 7, 2, 4, -3]
11 9
[11.0, 2.8284271247461903, 2.0, 5.656854249492381, 3.0, 1.4142135623730951, 1.0, 8.48528137423857, 0, 0, 0, 0, 0, 0, 0, 0, 7, 2, 4, -3]
13 10
[10.0, 7.0710678118654755, 1.0, 1.4142135623730951, 2.0, 2.8284271247461903, 3.0, 7.0710678118654755, 0, 0, 0, 0, 0, 0, 0, 0, 6, 1, 4, -3]
12 11
[9.0, 5.656854249492381, 3.0, 12.727922061357855, 1.0, 4.242640687119285, 4.0, 5.656854249492381, 0, 0, 0, 0, 0, 0, 0, 0, 6, 1, 4, -3]
11 10
[10.0, 14.142135623730951, 2.0, 11.313708498984761, 4.0, 1.4142135623730951, 1.0, 7.0710678118654755, 0, 0, 0, 0, 0, 0, 0, 0, 6, 1, 4, -3]
13 11
[9.0, 5.656854249492381, 1.0, 1.4142135623730951, 3.0, 11.313708498984761, 3.0, 5.656854249492381, 0, 0, 0, 0, 0, 0, 0, 0, 12, 6, 4, -3]
12 12
[8.0, 4.242640687119285, 12.0, 4.242640687119285, 1.0, 12.727922061357855, 9.0, 5.656854249492381, 0, 0, 0, 0, 0, 0, 0, 0, 12, 6, 4, -3]
11 11
[9.0, 5.656854249492381, 2.0, 2.8284271247461903, 5.0, 1.4142135623730951, 1.0, 7.0710678118654755, 0, 0, 0, 0, 0, 0, 0, 0, 12, 6, 4, -3]
13 12
[8.0, 5.656854249492381, 1.0, 1.4142135623730951, 4.0, 4.242640687119285, 8.0, 4.242640687119285, 0, 0, 0, 0, 0, 0, 0, 0, 12, 6, 4, -3]
12 13
[7.0, 4.242640687119285, 12.0, 4.242640687119285, 1.0, 5.656854249492381, 9.0, 5.656854249492381, 0, 0, 0, 0, 0, 0, 0, 0, 12, 6, 4, -3]
11 12
[8.0, 4.242640687119285, 11.0, 2.8284271247461903, 6.0, 1.4142135623730951, 1.0, 7.0710678118654755, 0, 0, 0, 0, 0, 0, 0, 0, 12, 6, 4, -3]
13 13
[7.0, 5.656854249492381, 1.0, 1.4142135623730951, 5.0, 4.242640687119285, 8.0, 4.242640687119285, 0, 0, 0, 0, 0, 0, 0, 0, 12, 6, 4, -3]
12 14
[6.0, 4.242640687119285, 12.0, 4.242640687119285, 1.0, 5.656854249492381, 9.0, 8.48528137423857, 0, 0, 0, 0, 0, 0, 0, 0, 12, 6, 4, -3]
11 13
[7.0, 2.8284271247461903, 11.0, 2.8284271247461903, 7.0, 1.4142135623730951, 1.0, 9.899494936611665, 0, 0, 0, 0, 0, 0, 0, 0, 12, 6, 4, -3]
13 14
[6.0, 8.48528137423857, 1.0, 1.4142135623730951, 6.0, 4.242640687119285, 8.0, 4.242640687119285, 0, 0, 0, 0, 0, 0, 0, 0, 12, 6, 4, -3]
12 15
[5.0, 7.0710678118654755, 3.0, 5.656854249492381, 1.0, 5.656854249492381, 4.0, 7.0710678118654755, 0, 0, 0, 0, 0, 0, 0, 0, 12, 6, 4, -3]
11 14
[6.0, 2.8284271247461903, 11.0, 4.242640687119285, 8.0, 1.4142135623730951, 1.0, 8.48528137423857, 0, 0, 0, 0, 0, 0, 0, 0, 12, 6, 4, -3]
13 13
[1.0, 1.4142135623730951, 1.0, 1.4142135623730951, 5.0, 4.242640687119285, 8.0, 4.242640687119285, 0, 0, 0, 0, 0, 0, 0, 0, 12, 6, 4, -3]
14 14
[6.0, 8.48528137423857, 1.0, 2.8284271247461903, 6.0, 4.242640687119285, 7.0, 2.8284271247461903, 0, 0, 0, 0, 0, 0, 0, 0, 12, 6, 4, -3]
13 15
[5.0, 7.0710678118654755, 4.0, 1.4142135623730951, 1.0, 5.656854249492381, 3.0, 7.0710678118654755, 0, 0, 0, 0, 0, 0, 0, 0, 12, 6, 4, -3]
14 13
[1.0, 1.4142135623730951, 2.0, 2.8284271247461903, 5.0, 2.8284271247461903, 7.0, 2.8284271247461903, 0, 0, 0, 0, 0, 0, 0, 0, 12, 6, 4, -3]
15 14
[6.0, 8.48528137423857, 1.0, 4.242640687119285, 6.0, 4.242640687119285, 6.0, 1.4142135623730951, 0, 0, 0, 0, 0, 0, 0, 0, 12, 6, 4, -3]
14 15
[5.0, 7.0710678118654755, 5.0, 1.4142135623730951, 1.0, 5.656854249492381, 2.0, 2.8284271247461903, 0, 0, 0, 0, 0, 0, 0, 0, 12, 6, 4, -3]
15 13
[1.0, 1.4142135623730951, 3.0, 4.242640687119285, 5.0, 2.8284271247461903, 6.0, 2.8284271247461903, 0, 0, 0, 0, 0, 0, 0, 0, 12, 6, 4, -3]
16 14
[1.0, 8.48528137423857, 1.0, 5.656854249492381, 3.0, 7.0710678118654755, 5.0, 1.4142135623730951, 0, 0, 0, 0, 0, 0, 0, 0, 12, 6, 4, -3]
15 15
[5.0, 7.0710678118654755, 6.0, 1.4142135623730951, 1.0, 8.48528137423857, 1.0, 1.4142135623730951, 0, 0, 0, 0, 0, 0, 0, 0, 12, 6, 4, -3]
16 13
[1.0, 1.4142135623730951, 4.0, 5.656854249492381, 2.0, 2.8284271247461903, 5.0, 2.8284271247461903, 0, 0, 0, 0, 0, 0, 0, 0, 12, 6, 4, -3]
17 14
[1.0, 1.4142135623730951, 1.0, 7.0710678118654755, 3.0, 5.656854249492381, 4.0, 1.4142135623730951, 0, 0, 0, 0, 0, 0, 0, 0, 12, 6, 4, -3]
17 13
[1.0, 1.4142135623730951, 5.0, 7.0710678118654755, 2.0, 5.656854249492381, 4.0, 5.656854249492381, 0, 0, 0, 0, 0, 0, 0, 0, 12, 6, 4, -3]
18 14
[1.0, 1.4142135623730951, 1.0, 8.48528137423857, 3.0, 4.242640687119285, 3.0, 4.242640687119285, 0, 0, 0, 0, 0, 0, 0, 0, 12, 6, 4, -3]
17 12
[1.0, 2.8284271247461903, 5.0, 1.4142135623730951, 1.0, 1.4142135623730951, 4.0, 5.656854249492381, 0, 0, 0, 0, 0, 0, 0, 0, 12, 6, 4, -3]
18 13
[2.0, 1.4142135623730951, 1.0, 2.8284271247461903, 2.0, 4.242640687119285, 3.0, 4.242640687119285, 0, 0, 0, 0, 0, 0, 0, 0, 12, 6, 4, -3]
16 13
[1.0, 1.4142135623730951, 4.0, 5.656854249492381, 2.0, 2.8284271247461903, 1.0, 1.4142135623730951, 0, 0, 0, 0, 0, 0, 0, 0, 12, 6, 4, -3]
18 12
[1.0, 1.4142135623730951, 6.0, 1.4142135623730951, 1.0, 4.242640687119285, 3.0, 4.242640687119285, 0, 0, 0, 0, 0, 0, 0, 0, 12, 6, 4, -3]
19 13
[7.0, 2.8284271247461903, 1.0, 2.8284271247461903, 13.0, 2.8284271247461903, 2.0, 2.8284271247461903, 0, 0, 0, 0, 0, 0, 0, 0, 12, 6, 4, -3]
18 14
[1.0, 1.4142135623730951, 1.0, 1.4142135623730951, 1.0, 4.242640687119285, 3.0, 4.242640687119285, 0, 0, 0, 0, 0, 0, 0, 0, 12, 6, 4, -3]
19 12
[1.0, 1.4142135623730951, 7.0, 1.4142135623730951, 12.0, 2.8284271247461903, 2.0, 2.8284271247461903, 0, 0, 0, 0, 0, 0, 0, 0, 12, 6, 4, -3]
20 13
[7.0, 2.8284271247461903, 1.0, 2.8284271247461903, 13.0, 1.4142135623730951, 1.0, 1.4142135623730951, 0, 0, 0, 0, 0, 0, 0, 0, 12, 6, 4, -3]
19 14
[6.0, 1.4142135623730951, 2.0, 1.4142135623730951, 1.0, 2.8284271247461903, 2.0, 2.8284271247461903, 0, 0, 0, 0, 0, 0, 0, 0, 12, 6, 4, -3]
19 11
[1.0, 2.8284271247461903, 1.0, 1.4142135623730951, 11.0, 2.8284271247461903, 2.0, 2.8284271247461903, 0, 0, 0, 0, 0, 0, 0, 0, 12, 6, 4, -3]
20 12
[8.0, 1.4142135623730951, 1.0, 2.8284271247461903, 12.0, 1.4142135623730951, 1.0, 1.4142135623730951, 0, 0, 0, 0, 0, 0, 0, 0, 12, 6, 4, -3]
18 12
[1.0, 1.4142135623730951, 6.0, 1.4142135623730951, 1.0, 4.242640687119285, 1.0, 1.4142135623730951, 0, 0, 0, 0, 0, 0, 0, 0, 12, 6, 4, -3]
20 11
[1.0, 1.4142135623730951, 2.0, 2.8284271247461903, 11.0, 1.4142135623730951, 1.0, 1.4142135623730951, 0, 0, 0, 0, 0, 0, 0, 0, 12, 6, 4, -3]
21 12
[8.0, 4.242640687119285, 1.0, 4.242640687119285, 12.0, 1.4142135623730951, 1.0, 1.4142135623730951, 0, 0, 0, 0, 0, 0, 0, 0, 12, 6, 4, -3]
20 13
[7.0, 2.8284271247461903, 1.0, 1.4142135623730951, 1.0, 1.4142135623730951, 1.0, 1.4142135623730951, 0, 0, 0, 0, 0, 0, 0, 0, 12, 6, 4, -3]
21 11
[1.0, 1.4142135623730951, 3.0, 8.48528137423857, 11.0, 1.4142135623730951, 1.0, 1.4142135623730951, 0, 0, 0, 0, 0, 0, 0, 0, 12, 6, 4, -3]
22 12
[8.0, 5.656854249492381, 1.0, 9.899494936611665, 12.0, 1.4142135623730951, 1.0, 1.4142135623730951, 0, 0, 0, 0, 0, 0, 0, 0, 12, 6, 4, -3]
21 13
[7.0, 4.242640687119285, 2.0, 1.4142135623730951, 1.0, 1.4142135623730951, 1.0, 1.4142135623730951, 0, 0, 0, 0, 0, 0, 0, 0, 12, 6, 4, -3]
22 11
[1.0, 1.4142135623730951, 4.0, 8.48528137423857, 11.0, 1.4142135623730951, 1.0, 1.4142135623730951, 0, 0, 0, 0, 0, 0, 0, 0, 12, 6, 4, -3]
23 12
[8.0, 7.0710678118654755, 1.0, 9.899494936611665, 12.0, 1.4142135623730951, 1.0, 1.4142135623730951, 0, 0, 0, 0, 0, 0, 0, 0, 12, 6, 4, -3]
22 13
[7.0, 5.656854249492381, 3.0, 1.4142135623730951, 1.0, 1.4142135623730951, 1.0, 1.4142135623730951, 0, 0, 0, 0, 0, 0, 0, 0, 12, 6, 4, -3]
23 11
[1.0, 1.4142135623730951, 5.0, 8.48528137423857, 11.0, 1.4142135623730951, 1.0, 1.4142135623730951, 0, 0, 0, 0, 0, 0, 0, 0, 12, 6, 4, -3]
24 12
[8.0, 11.313708498984761, 1.0, 9.899494936611665, 12.0, 1.4142135623730951, 1.0, 1.4142135623730951, 0, 0, 0, 0, 0, 0, 0, 0, 12, 6, 4, -3]
23 13
[7.0, 9.899494936611665, 4.0, 1.4142135623730951, 1.0, 1.4142135623730951, 1.0, 1.4142135623730951, 0, 0, 0, 0, 0, 0, 0, 0, 12, 6, 4, -3]
24 11
[1.0, 1.4142135623730951, 6.0, 8.48528137423857, 11.0, 1.4142135623730951, 1.0, 1.4142135623730951, 0, 0, 0, 0, 0, 0, 0, 0, 12, 6, 4, -3]
25 12
[3.0, 11.313708498984761, 1.0, 9.899494936611665, 1.0, 1.4142135623730951, 1.0, 1.4142135623730951, 0, 0, 0, 0, 0, 0, 0, 0, 12, 6, 4, -3]
24 13
[7.0, 9.899494936611665, 5.0, 1.4142135623730951, 1.0, 1.4142135623730951, 1.0, 1.4142135623730951, 0, 0, 0, 0, 0, 0, 0, 0, 12, 6, 4, -3]
26 12
