Loading config from configs\gamecfg192.json
Loading neural network from nn\nn_192.pkl
Starting client
Connecting to host 'localhost' port 8192
Connected successfully
joined the game successfully
Side: Blue
2 1
[19.0, 2.8284271247461903, 1.0, 1.4142135623730951, 1.0, 1.4142135623730951, 19.0, 19.79898987322333, 0, 0, 0, 0, 0, 0, 0, 0, 12, 6, 4, 1]
1 2
[18.0, 1.4142135623730951, 1.0, 1.4142135623730951, 1.0, 2.8284271247461903, 20.0, 9.899494936611665, 0, 0, 0, 0, 0, 0, 0, 0, 12, 6, 4, 1]
3 1
[19.0, 4.242640687119285, 1.0, 1.4142135623730951, 1.0, 1.4142135623730951, 18.0, 5.656854249492381, 0, 0, 0, 0, 0, 0, 0, 0, 12, 6, 4, 1]
2 2
[18.0, 2.8284271247461903, 2.0, 1.4142135623730951, 1.0, 2.8284271247461903, 19.0, 9.899494936611665, 0, 0, 0, 0, 0, 0, 0, 0, 12, 6, 4, 1]
4 1
[19.0, 5.656854249492381, 1.0, 1.4142135623730951, 1.0, 1.4142135623730951, 17.0, 4.242640687119285, 0, 0, 0, 0, 0, 0, 0, 0, 12, 6, 4, 1]
3 2
[18.0, 4.242640687119285, 3.0, 1.4142135623730951, 1.0, 2.8284271247461903, 18.0, 18.384776310850235, 0, 0, 0, 0, 0, 0, 0, 0, 12, 6, 4, 1]
4 2
[18.0, 5.656854249492381, 1.0, 1.4142135623730951, 2.0, 2.8284271247461903, 17.0, 4.242640687119285, 0, 0, 0, 0, 0, 0, 0, 0, 12, 6, 4, 1]
3 3
[17.0, 4.242640687119285, 3.0, 2.8284271247461903, 1.0, 4.242640687119285, 4.0, 8.48528137423857, 0, 0, 0, 0, 0, 0, 0, 0, 12, 6, 4, 1]
2 2
[18.0, 2.8284271247461903, 2.0, 1.4142135623730951, 1.0, 1.4142135623730951, 1.0, 9.899494936611665, 0, 0, 0, 0, 0, 0, 0, 0, 12, 6, 4, 1]
4 1
[1.0, 1.4142135623730951, 1.0, 1.4142135623730951, 1.0, 1.4142135623730951, 17.0, 4.242640687119285, 0, 0, 0, 0, 0, 0, 0, 0, 12, 6, 4, 1]
5 2
[18.0, 7.0710678118654755, 1.0, 2.8284271247461903, 2.0, 2.8284271247461903, 16.0, 2.8284271247461903, 0, 0, 0, 0, 0, 0, 0, 0, 12, 6, 4, 1]
4 3
[17.0, 5.656854249492381, 4.0, 1.4142135623730951, 1.0, 4.242640687119285, 3.0, 16.97056274847714, 0, 0, 0, 0, 0, 0, 0, 0, 12, 6, 4, 1]
5 1
[1.0, 1.4142135623730951, 2.0, 1.4142135623730951, 1.0, 1.4142135623730951, 16.0, 2.8284271247461903, 0, 0, 0, 0, 0, 0, 0, 0, 12, 6, 4, 1]
6 2
[18.0, 8.48528137423857, 1.0, 2.8284271247461903, 2.0, 2.8284271247461903, 15.0, 1.4142135623730951, 0, 0, 0, 0, 0, 0, 0, 0, 12, 6, 4, 1]
5 3
[17.0, 7.0710678118654755, 5.0, 1.4142135623730951, 1.0, 4.242640687119285, 2.0, 2.8284271247461903, 0, 0, 0, 0, 0, 0, 0, 0, 12, 6, 4, 1]
6 1
[1.0, 1.4142135623730951, 3.0, 1.4142135623730951, 1.0, 1.4142135623730951, 15.0, 2.8284271247461903, 0, 0, 0, 0, 0, 0, 0, 0, 12, 6, 4, 1]
7 2
[1.0, 9.899494936611665, 1.0, 2.8284271247461903, 2.0, 2.8284271247461903, 14.0, 1.4142135623730951, 0, 0, 0, 0, 0, 0, 0, 0, 12, 6, 4, 1]
6 3
[17.0, 8.48528137423857, 6.0, 1.4142135623730951, 1.0, 4.242640687119285, 1.0, 1.4142135623730951, 0, 0, 0, 0, 0, 0, 0, 0, 12, 6, 4, 1]
6 4
[16.0, 8.48528137423857, 6.0, 2.8284271247461903, 1.0, 1.4142135623730951, 1.0, 1.4142135623730951, 0, 0, 0, 0, 0, 0, 0, 0, 12, 6, 4, 1]
5 3
[17.0, 7.0710678118654755, 5.0, 1.4142135623730951, 1.0, 1.4142135623730951, 1.0, 2.8284271247461903, 0, 0, 0, 0, 0, 0, 0, 0, 12, 6, 4, 1]
5 2
[1.0, 7.0710678118654755, 1.0, 2.8284271247461903, 2.0, 2.8284271247461903, 1.0, 1.4142135623730951, 0, 0, 0, 0, 0, 0, 0, 0, 12, 6, 3, 0]
5 4
[16.0, 7.0710678118654755, 5.0, 2.8284271247461903, 1.0, 1.4142135623730951, 2.0, 15.556349186104045, 0, 0, 0, 0, 0, 0, 0, 0, 12, 6, 4, 1]
4 3
[17.0, 5.656854249492381, 4.0, 1.4142135623730951, 1.0, 1.4142135623730951, 1.0, 16.97056274847714, 0, 0, 0, 0, 0, 0, 0, 0, 12, 6, 4, 1]
4 2
[1.0, 5.656854249492381, 1.0, 1.4142135623730951, 2.0, 2.8284271247461903, 1.0, 1.4142135623730951, 0, 0, 0, 0, 0, 0, 0, 0, 12, 6, 3, 0]
4 4
[16.0, 5.656854249492381, 4.0, 4.242640687119285, 1.0, 1.4142135623730951, 3.0, 7.0710678118654755, 0, 0, 0, 0, 0, 0, 0, 0, 12, 6, 4, 1]
3 3
[17.0, 4.242640687119285, 3.0, 2.8284271247461903, 1.0, 1.4142135623730951, 1.0, 8.48528137423857, 0, 0, 0, 0, 0, 0, 0, 0, 12, 6, 4, 1]
5 4
[16.0, 7.0710678118654755, 1.0, 1.4142135623730951, 1.0, 1.4142135623730951, 2.0, 15.556349186104045, 0, 0, 0, 0, 0, 0, 0, 0, 12, 6, 4, 1]
4 5
[15.0, 5.656854249492381, 4.0, 5.656854249492381, 1.0, 2.8284271247461903, 3.0, 5.656854249492381, 0, 0, 0, 0, 0, 0, 0, 0, 12, 6, 4, 1]
3 4
[16.0, 4.242640687119285, 3.0, 4.242640687119285, 2.0, 1.4142135623730951, 1.0, 7.0710678118654755, 0, 0, 0, 0, 0, 0, 0, 0, 12, 6, 4, 1]
5 3
[1.0, 1.4142135623730951, 1.0, 1.4142135623730951, 1.0, 1.4142135623730951, 1.0, 2.8284271247461903, 0, 0, 0, 0, 0, 0, 0, 0, 12, 6, 3, 0]
6 4
[16.0, 8.48528137423857, 1.0, 1.4142135623730951, 1.0, 1.4142135623730951, 1.0, 1.4142135623730951, 0, 0, 0, 0, 0, 0, 0, 0, 12, 6, 4, 1]
5 5
[15.0, 7.0710678118654755, 5.0, 1.4142135623730951, 1.0, 2.8284271247461903, 2.0, 5.656854249492381, 0, 0, 0, 0, 0, 0, 0, 0, 12, 6, 4, 1]
6 3
[1.0, 1.4142135623730951, 1.0, 1.4142135623730951, 1.0, 4.242640687119285, 1.0, 1.4142135623730951, 0, 0, 0, 0, 0, 0, 0, 0, 12, 6, 3, 0]
6 5
[15.0, 8.48528137423857, 6.0, 1.4142135623730951, 1.0, 1.4142135623730951, 1.0, 14.142135623730951, 0, 0, 0, 0, 0, 0, 0, 0, 12, 6, 4, 1]
6 6
[14.0, 8.48528137423857, 6.0, 2.8284271247461903, 1.0, 1.4142135623730951, 15.0, 4.242640687119285, 0, 0, 0, 0, 0, 0, 0, 0, 12, 6, 4, 1]
5 5
[15.0, 7.0710678118654755, 5.0, 1.4142135623730951, 1.0, 1.4142135623730951, 1.0, 5.656854249492381, 0, 0, 0, 0, 0, 0, 0, 0, 12, 6, 4, 1]
7 6
[3.0, 9.899494936611665, 1.0, 1.4142135623730951, 1.0, 1.4142135623730951, 14.0, 12.727922061357855, 0, 0, 0, 0, 0, 0, 0, 0, 12, 6, 4, 1]
6 7
[13.0, 8.48528137423857, 6.0, 8.48528137423857, 1.0, 2.8284271247461903, 15.0, 2.8284271247461903, 0, 0, 0, 0, 0, 0, 0, 0, 12, 6, 4, 1]
5 6
[14.0, 7.0710678118654755, 5.0, 7.0710678118654755, 2.0, 1.4142135623730951, 1.0, 4.242640687119285, 0, 0, 0, 0, 0, 0, 0, 0, 12, 6, 4, 1]
7 7
[2.0, 9.899494936611665, 1.0, 1.4142135623730951, 2.0, 2.8284271247461903, 14.0, 2.8284271247461903, 0, 0, 0, 0, 0, 0, 0, 0, 12, 6, 4, 1]
6 8
[12.0, 8.48528137423857, 6.0, 8.48528137423857, 1.0, 4.242640687119285, 15.0, 1.4142135623730951, 0, 0, 0, 0, 0, 0, 0, 0, 12, 6, 4, 1]
5 7
[13.0, 7.0710678118654755, 5.0, 7.0710678118654755, 3.0, 1.4142135623730951, 1.0, 2.8284271247461903, 0, 0, 0, 0, 0, 0, 0, 0, 12, 6, 4, 1]
7 8
[1.0, 9.899494936611665, 1.0, 1.4142135623730951, 3.0, 11.313708498984761, 14.0, 1.4142135623730951, 0, 0, 0, 0, 0, 0, 0, 0, 12, 6, 4, 1]
6 9
[11.0, 8.48528137423857, 6.0, 8.48528137423857, 1.0, 12.727922061357855, 1.0, 1.4142135623730951, 0, 0, 0, 0, 0, 0, 0, 0, 12, 6, 4, 1]
5 8
[12.0, 7.0710678118654755, 5.0, 7.0710678118654755, 4.0, 1.4142135623730951, 1.0, 2.8284271247461903, 0, 0, 0, 0, 0, 0, 0, 0, 12, 6, 4, 1]
6 10
[10.0, 8.48528137423857, 6.0, 8.48528137423857, 1.0, 1.4142135623730951, 1.0, 1.4142135623730951, 0, 0, 0, 0, 0, 0, 0, 0, 12, 6, 4, 1]
5 9
[11.0, 7.0710678118654755, 5.0, 7.0710678118654755, 5.0, 1.4142135623730951, 1.0, 2.8284271247461903, 0, 0, 0, 0, 0, 0, 0, 0, 12, 6, 4, 1]
6 11
[9.0, 8.48528137423857, 6.0, 8.48528137423857, 1.0, 1.4142135623730951, 1.0, 12.727922061357855, 0, 0, 0, 0, 0, 0, 0, 0, 12, 6, 4, 1]
5 10
[10.0, 7.0710678118654755, 5.0, 7.0710678118654755, 6.0, 1.4142135623730951, 1.0, 14.142135623730951, 0, 0, 0, 0, 0, 0, 0, 0, 12, 6, 4, 1]
6 12
[8.0, 8.48528137423857, 6.0, 8.48528137423857, 1.0, 1.4142135623730951, 15.0, 4.242640687119285, 0, 0, 0, 0, 0, 0, 0, 0, 12, 6, 4, 1]
5 11
[9.0, 7.0710678118654755, 5.0, 7.0710678118654755, 7.0, 1.4142135623730951, 1.0, 5.656854249492381, 0, 0, 0, 0, 0, 0, 0, 0, 12, 6, 4, 1]
7 12
[3.0, 9.899494936611665, 1.0, 1.4142135623730951, 1.0, 1.4142135623730951, 14.0, 11.313708498984761, 0, 0, 0, 0, 0, 0, 0, 0, 12, 6, 4, 1]
6 13
[7.0, 8.48528137423857, 6.0, 8.48528137423857, 1.0, 2.8284271247461903, 15.0, 2.8284271247461903, 0, 0, 0, 0, 0, 0, 0, 0, 12, 6, 4, 1]
5 12
[8.0, 7.0710678118654755, 5.0, 7.0710678118654755, 8.0, 1.4142135623730951, 1.0, 4.242640687119285, 0, 0, 0, 0, 0, 0, 0, 0, 12, 6, 4, 1]
8 12
[3.0, 11.313708498984761, 1.0, 1.4142135623730951, 1.0, 1.4142135623730951, 13.0, 8.48528137423857, 0, 0, 0, 0, 0, 0, 0, 1, 12, 6, 4, 1]
7 13
[2.0, 9.899494936611665, 7.0, 1.4142135623730951, 1.0, 2.8284271247461903, 14.0, 2.8284271247461903, 0, 0, 0, 0, 0, 0, 0, 0, 12, 6, 4, 1]
9 12
[3.0, 11.313708498984761, 1.0, 1.4142135623730951, 1.0, 9.899494936611665, 12.0, 8.48528137423857, 0, 0, 0, 0, 0, 0, 0, 1, 12, 6, 4, 1]
8 13
[2.0, 9.899494936611665, 8.0, 1.4142135623730951, 1.0, 11.313708498984761, 13.0, 7.0710678118654755, 0, 0, 0, 0, 0, 0, 0, 1, 12, 6, 4, 1]
10 12
[8.0, 4.242640687119285, 1.0, 1.4142135623730951, 12.0, 9.899494936611665, 11.0, 8.48528137423857, 0, 0, 0, 0, 0, 0, 0, 1, 12, 6, 4, 1]
9 13
[2.0, 2.8284271247461903, 9.0, 1.4142135623730951, 1.0, 11.313708498984761, 12.0, 7.0710678118654755, 0, 0, 0, 0, 0, 0, 0, 1, 12, 6, 4, 1]
10 13
[7.0, 2.8284271247461903, 1.0, 1.4142135623730951, 13.0, 11.313708498984761, 11.0, 7.0710678118654755, 0, 0, 0, 0, 0, 0, 0, 1, 12, 6, 4, 1]
9 14
[1.0, 1.4142135623730951, 9.0, 2.8284271247461903, 1.0, 12.727922061357855, 12.0, 5.656854249492381, 0, 0, 0, 0, 0, 0, 0, 1, 12, 6, 4, 1]
8 13
[2.0, 9.899494936611665, 8.0, 1.4142135623730951, 1.0, 1.4142135623730951, 1.0, 7.0710678118654755, 0, 0, 0, 0, 0, 0, 0, 1, 12, 6, 4, 1]
10 14
[4.0, 1.4142135623730951, 1.0, 1.4142135623730951, 14.0, 15.556349186104045, 11.0, 5.656854249492381, 1, 0, 0, 0, 0, 0, 0, 1, 12, 6, 4, 1]
8 14
[1.0, 1.4142135623730951, 8.0, 2.8284271247461903, 2.0, 1.4142135623730951, 1.0, 1.4142135623730951, 0, 0, 0, 0, 0, 0, 0, 0, 12, 6, 4, 1]
8 13
[1.0, 9.899494936611665, 8.0, 1.4142135623730951, 1.0, 1.4142135623730951, 1.0, 1.4142135623730951, 0, 0, 0, 0, 0, 0, 0, 0, 12, 6, 4, 1]
7 14
[1.0, 8.48528137423857, 7.0, 9.899494936611665, 2.0, 2.8284271247461903, 1.0, 1.4142135623730951, 0, 0, 0, 0, 0, 0, 0, 0, 12, 6, 4, 1]
8 12
[1.0, 11.313708498984761, 1.0, 1.4142135623730951, 1.0, 1.4142135623730951, 1.0, 1.4142135623730951, 0, 0, 0, 0, 0, 0, 0, 0, 12, 6, 3, 0]
9 13
[1.0, 1.4142135623730951, 1.0, 1.4142135623730951, 1.0, 11.313708498984761, 12.0, 7.0710678118654755, 0, 0, 0, 0, 0, 0, 0, 1, 12, 6, 3, 0]
7 13
[2.0, 9.899494936611665, 7.0, 1.4142135623730951, 1.0, 1.4142135623730951, 1.0, 1.4142135623730951, 0, 0, 0, 0, 0, 0, 0, 0, 12, 6, 4, 1]
9 12
[1.0, 1.4142135623730951, 1.0, 1.4142135623730951, 1.0, 9.899494936611665, 12.0, 8.48528137423857, 0, 0, 0, 0, 0, 0, 0, 1, 11, 6, 3, -1]
10 13
[5.0, 1.4142135623730951, 1.0, 1.4142135623730951, 13.0, 11.313708498984761, 11.0, 7.0710678118654755, 1, 0, 0, 0, 0, 0, 0, 1, 11, 6, 4, 0]
9 14
[1.0, 1.4142135623730951, 1.0, 1.4142135623730951, 1.0, 12.727922061357855, 12.0, 5.656854249492381, 0, 0, 0, 0, 0, 0, 0, 1, 11, 6, 3, -1]
10 12
[6.0, 1.4142135623730951, 1.0, 1.4142135623730951, 12.0, 9.899494936611665, 11.0, 8.48528137423857, 1, 0, 0, 0, 0, 0, 0, 1, 10, 5, 4, -1]
8 12
[1.0, 11.313708498984761, 1.0, 1.4142135623730951, 1.0, 1.4142135623730951, 1.0, 1.4142135623730951, 0, 0, 0, 0, 0, 0, 0, 0, 10, 5, 3, -2]
8 13
[1.0, 9.899494936611665, 8.0, 1.4142135623730951, 1.0, 1.4142135623730951, 1.0, 1.4142135623730951, 0, 0, 0, 0, 0, 0, 0, 0, 9, 4, 3, -3]
7 12
[3.0, 9.899494936611665, 1.0, 1.4142135623730951, 1.0, 1.4142135623730951, 1.0, 1.4142135623730951, 0, 0, 0, 0, 0, 0, 0, 0, 9, 4, 3, -3]
7 13
[2.0, 9.899494936611665, 7.0, 1.4142135623730951, 1.0, 1.4142135623730951, 1.0, 1.4142135623730951, 0, 0, 0, 0, 0, 0, 0, 0, 8, 3, 4, -3]
6 12
[4.0, 8.48528137423857, 6.0, 8.48528137423857, 1.0, 1.4142135623730951, 1.0, 2.8284271247461903, 1, 0, 0, 0, 0, 0, 0, 0, 8, 3, 3, -4]
6 11
[1.0, 8.48528137423857, 6.0, 8.48528137423857, 1.0, 1.4142135623730951, 1.0, 1.4142135623730951, 0, 0, 0, 0, 0, 0, 0, 0, 7, 2, 3, -5]
6 13
[2.0, 8.48528137423857, 6.0, 8.48528137423857, 1.0, 1.4142135623730951, 2.0, 2.8284271247461903, 1, 0, 0, 0, 0, 0, 0, 0, 7, 2, 4, -4]
5 12
[8.0, 7.0710678118654755, 5.0, 7.0710678118654755, 8.0, 1.4142135623730951, 1.0, 4.242640687119285, 0, 0, 0, 0, 0, 0, 0, 0, 7, 2, 4, -4]
7 13
[2.0, 1.4142135623730951, 1.0, 1.4142135623730951, 1.0, 1.4142135623730951, 1.0, 1.4142135623730951, 0, 1, 0, 0, 0, 0, 0, 0, 6, 1, 4, -4]
6 14
[1.0, 8.48528137423857, 6.0, 8.48528137423857, 1.0, 2.8284271247461903, 2.0, 1.4142135623730951, 1, 0, 0, 0, 0, 0, 0, 0, 6, 1, 3, -3]
5 13
[7.0, 7.0710678118654755, 5.0, 7.0710678118654755, 9.0, 1.4142135623730951, 1.0, 1.4142135623730951, 0, 0, 0, 0, 0, 0, 0, 1, 6, 1, 4, -4]
7 12
[1.0, 1.4142135623730951, 1.0, 1.4142135623730951, 1.0, 1.4142135623730951, 1.0, 1.4142135623730951, 0, 0, 0, 0, 0, 0, 0, 0, 12, 6, 3, -5]
8 13
[1.0, 2.8284271247461903, 1.0, 1.4142135623730951, 1.0, 1.4142135623730951, 1.0, 1.4142135623730951, 0, 1, 0, 0, 0, 0, 0, 0, 12, 6, 3, -5]
7 14
[1.0, 1.4142135623730951, 1.0, 1.4142135623730951, 1.0, 1.4142135623730951, 1.0, 1.4142135623730951, 0, 1, 1, 0, 0, 0, 0, 0, 12, 6, 4, -4]
8 12
[1.0, 1.4142135623730951, 1.0, 1.4142135623730951, 1.0, 1.4142135623730951, 1.0, 1.4142135623730951, 0, 0, 0, 0, 0, 0, 0, 0, 12, 6, 2, -6]
9 13
[1.0, 1.4142135623730951, 1.0, 1.4142135623730951, 1.0, 11.313708498984761, 12.0, 7.0710678118654755, 0, 0, 0, 0, 0, 0, 0, 1, 12, 6, 2, -6]
8 14
[1.0, 1.4142135623730951, 2.0, 1.4142135623730951, 1.0, 1.4142135623730951, 1.0, 1.4142135623730951, 0, 0, 1, 0, 0, 0, 0, 0, 12, 6, 2, -6]
9 12
[1.0, 1.4142135623730951, 1.0, 1.4142135623730951, 1.0, 9.899494936611665, 12.0, 8.48528137423857, 0, 0, 0, 0, 0, 0, 0, 1, 12, 6, 1, -7]
10 13
[5.0, 1.4142135623730951, 1.0, 1.4142135623730951, 13.0, 11.313708498984761, 11.0, 7.0710678118654755, 1, 0, 0, 0, 0, 0, 0, 1, 12, 6, 2, -6]
9 14
[1.0, 1.4142135623730951, 1.0, 1.4142135623730951, 1.0, 12.727922061357855, 12.0, 5.656854249492381, 0, 0, 0, 0, 0, 0, 0, 1, 12, 6, 1, -7]
10 12
[6.0, 1.4142135623730951, 1.0, 1.4142135623730951, 12.0, 9.899494936611665, 11.0, 8.48528137423857, 1, 0, 0, 0, 0, 0, 0, 1, 12, 6, 1, -7]
8 12
[1.0, 1.4142135623730951, 1.0, 1.4142135623730951, 1.0, 1.4142135623730951, 1.0, 1.4142135623730951, 0, 0, 0, 0, 0, 0, 0, 0, 12, 6, 1, -48]
8 13
[1.0, 2.8284271247461903, 1.0, 1.4142135623730951, 1.0, 1.4142135623730951, 1.0, 1.4142135623730951, 0, 1, 0, 0, 0, 0, 0, 0, 12, 6, 0, -88]
7 12
[1.0, 1.4142135623730951, 1.0, 1.4142135623730951, 1.0, 1.4142135623730951, 1.0, 1.4142135623730951, 0, 0, 0, 0, 0, 0, 0, 0, 12, 6, 0, -88]
Winner side: Yellow
Details:
  Scores:
    Blue -> -10
    Yellow -> 38
