Loading config from configs\gamecfg361.json
Loading neural network from nn\nn_361.pkl
Starting client
Connecting to host 'localhost' port 8161
Connected successfully
joined the game successfully
Side: Yellow
33 18
[1.0, 2.8284271247461903, 33.0, 9.899494936611665, 18.0, 1.4142135623730951, 1.0, 1.4142135623730951, 0, 0, 0, 0, 0, 0, 0, 0, 12, 6, 4, 1]
32 19
[1.0, 1.4142135623730951, 32.0, 19.79898987322333, 19.0, 1.4142135623730951, 1.0, 1.4142135623730951, 0, 0, 0, 0, 0, 0, 0, 0, 12, 6, 4, 1]
33 17
[1.0, 4.242640687119285, 6.0, 8.48528137423857, 17.0, 1.4142135623730951, 1.0, 1.4142135623730951, 0, 0, 0, 0, 0, 0, 0, 0, 12, 6, 4, 1]
32 18
[2.0, 2.8284271247461903, 32.0, 9.899494936611665, 18.0, 1.4142135623730951, 1.0, 1.4142135623730951, 0, 0, 0, 0, 0, 0, 0, 0, 12, 6, 4, 1]
32 17
[1.0, 4.242640687119285, 5.0, 8.48528137423857, 17.0, 1.4142135623730951, 1.0, 1.4142135623730951, 0, 0, 0, 0, 0, 0, 0, 0, 12, 6, 4, 1]
32 19
[1.0, 1.4142135623730951, 32.0, 19.79898987322333, 1.0, 1.4142135623730951, 1.0, 1.4142135623730951, 0, 0, 0, 0, 0, 0, 0, 0, 12, 6, 4, 1]
31 18
[2.0, 2.8284271247461903, 31.0, 18.384776310850235, 18.0, 1.4142135623730951, 1.0, 1.4142135623730951, 0, 0, 0, 0, 0, 0, 0, 0, 12, 6, 4, 1]
31 17
[1.0, 4.242640687119285, 4.0, 8.48528137423857, 17.0, 1.4142135623730951, 1.0, 1.4142135623730951, 0, 0, 0, 0, 0, 0, 0, 0, 12, 6, 4, 1]
31 19
[1.0, 1.4142135623730951, 31.0, 5.656854249492381, 1.0, 1.4142135623730951, 1.0, 1.4142135623730951, 0, 0, 0, 0, 0, 0, 0, 0, 12, 6, 4, 1]
30 18
[2.0, 2.8284271247461903, 30.0, 4.242640687119285, 18.0, 1.4142135623730951, 1.0, 1.4142135623730951, 0, 0, 0, 0, 0, 0, 0, 0, 12, 6, 4, 1]
30 17
[1.0, 4.242640687119285, 3.0, 16.97056274847714, 17.0, 1.4142135623730951, 1.0, 1.4142135623730951, 0, 0, 0, 0, 0, 0, 0, 0, 12, 6, 4, 1]
30 19
[1.0, 1.4142135623730951, 30.0, 4.242640687119285, 1.0, 1.4142135623730951, 1.0, 1.4142135623730951, 0, 0, 0, 0, 0, 0, 0, 0, 12, 6, 4, 1]
29 18
[2.0, 2.8284271247461903, 29.0, 2.8284271247461903, 18.0, 1.4142135623730951, 1.0, 1.4142135623730951, 0, 0, 0, 0, 0, 0, 0, 0, 12, 6, 4, 1]
29 17
[1.0, 4.242640687119285, 2.0, 2.8284271247461903, 17.0, 1.4142135623730951, 1.0, 1.4142135623730951, 0, 0, 0, 0, 0, 0, 0, 0, 12, 6, 4, 1]
29 19
[1.0, 1.4142135623730951, 29.0, 2.8284271247461903, 1.0, 1.4142135623730951, 1.0, 1.4142135623730951, 0, 0, 0, 0, 0, 0, 0, 0, 12, 6, 4, 1]
28 18
[2.0, 2.8284271247461903, 28.0, 1.4142135623730951, 18.0, 1.4142135623730951, 1.0, 1.4142135623730951, 0, 0, 0, 0, 0, 0, 0, 0, 12, 6, 4, 1]
28 17
[1.0, 4.242640687119285, 1.0, 1.4142135623730951, 17.0, 1.4142135623730951, 1.0, 1.4142135623730951, 0, 0, 0, 0, 0, 0, 0, 0, 12, 6, 4, 1]
28 19
[1.0, 1.4142135623730951, 28.0, 2.8284271247461903, 1.0, 1.4142135623730951, 1.0, 1.4142135623730951, 0, 0, 0, 0, 0, 0, 0, 0, 12, 6, 4, 1]
27 18
[2.0, 2.8284271247461903, 27.0, 1.4142135623730951, 1.0, 1.4142135623730951, 1.0, 1.4142135623730951, 0, 0, 0, 0, 0, 0, 0, 0, 12, 6, 4, 1]
29 19
[1.0, 1.4142135623730951, 1.0, 1.4142135623730951, 1.0, 1.4142135623730951, 1.0, 1.4142135623730951, 0, 0, 0, 0, 0, 0, 0, 0, 12, 6, 4, 1]
27 19
[1.0, 1.4142135623730951, 27.0, 2.8284271247461903, 2.0, 1.4142135623730951, 1.0, 1.4142135623730951, 0, 0, 0, 0, 0, 0, 0, 0, 12, 6, 4, 1]
27 18
[1.0, 2.8284271247461903, 27.0, 1.4142135623730951, 1.0, 1.4142135623730951, 1.0, 1.4142135623730951, 0, 0, 0, 0, 0, 0, 0, 0, 12, 6, 4, 1]
26 19
[1.0, 1.4142135623730951, 26.0, 11.313708498984761, 2.0, 1.4142135623730951, 1.0, 1.4142135623730951, 0, 0, 0, 0, 0, 0, 0, 0, 12, 6, 4, 1]
28 18
[1.0, 1.4142135623730951, 1.0, 1.4142135623730951, 18.0, 1.4142135623730951, 1.0, 1.4142135623730951, 0, 0, 0, 0, 0, 0, 0, 0, 12, 6, 3, 0]
26 18
[2.0, 2.8284271247461903, 26.0, 1.4142135623730951, 1.0, 1.4142135623730951, 1.0, 1.4142135623730951, 0, 0, 0, 0, 0, 0, 0, 0, 12, 6, 4, 1]
26 19
[1.0, 1.4142135623730951, 26.0, 11.313708498984761, 1.0, 1.4142135623730951, 1.0, 1.4142135623730951, 0, 0, 0, 0, 0, 0, 0, 0, 12, 6, 4, 1]
25 18
[2.0, 2.8284271247461903, 25.0, 9.899494936611665, 1.0, 1.4142135623730951, 1.0, 1.4142135623730951, 0, 0, 0, 0, 0, 0, 0, 0, 12, 6, 4, 1]
27 19
[1.0, 1.4142135623730951, 1.0, 1.4142135623730951, 1.0, 1.4142135623730951, 1.0, 1.4142135623730951, 0, 0, 0, 0, 0, 0, 0, 0, 12, 6, 3, 0]
25 19
[1.0, 1.4142135623730951, 25.0, 11.313708498984761, 2.0, 1.4142135623730951, 1.0, 1.4142135623730951, 0, 0, 0, 0, 0, 0, 0, 0, 12, 6, 4, 1]
25 18
[1.0, 2.8284271247461903, 25.0, 9.899494936611665, 1.0, 1.4142135623730951, 1.0, 1.4142135623730951, 0, 0, 0, 0, 0, 0, 0, 0, 12, 6, 4, 1]
24 19
[1.0, 1.4142135623730951, 24.0, 11.313708498984761, 19.0, 1.4142135623730951, 1.0, 1.4142135623730951, 0, 0, 0, 0, 0, 0, 0, 0, 12, 6, 4, 1]
24 18
[1.0, 2.8284271247461903, 24.0, 9.899494936611665, 18.0, 1.4142135623730951, 1.0, 1.4142135623730951, 0, 0, 0, 0, 0, 0, 0, 0, 12, 6, 4, 1]
23 19
[1.0, 1.4142135623730951, 23.0, 19.79898987322333, 19.0, 1.4142135623730951, 1.0, 1.4142135623730951, 0, 0, 0, 0, 0, 0, 0, 0, 12, 6, 4, 1]
24 17
[1.0, 4.242640687119285, 6.0, 8.48528137423857, 17.0, 1.4142135623730951, 1.0, 1.4142135623730951, 0, 0, 0, 0, 0, 0, 0, 0, 12, 6, 4, 1]
25 18
[1.0, 1.4142135623730951, 1.0, 9.899494936611665, 1.0, 1.4142135623730951, 1.0, 1.4142135623730951, 0, 0, 0, 0, 0, 0, 0, 0, 12, 6, 4, 1]
23 18
[2.0, 2.8284271247461903, 23.0, 9.899494936611665, 18.0, 1.4142135623730951, 1.0, 1.4142135623730951, 0, 0, 0, 0, 0, 0, 0, 0, 12, 6, 4, 1]
23 17
[1.0, 4.242640687119285, 5.0, 8.48528137423857, 17.0, 1.4142135623730951, 1.0, 1.4142135623730951, 0, 0, 0, 0, 0, 0, 0, 0, 12, 6, 4, 1]
23 19
[1.0, 1.4142135623730951, 23.0, 19.79898987322333, 1.0, 1.4142135623730951, 1.0, 1.4142135623730951, 0, 0, 0, 0, 0, 0, 0, 0, 12, 6, 4, 1]
22 18
[2.0, 2.8284271247461903, 22.0, 18.384776310850235, 18.0, 1.4142135623730951, 1.0, 1.4142135623730951, 0, 0, 0, 0, 0, 0, 0, 0, 12, 6, 4, 1]
22 17
[1.0, 4.242640687119285, 4.0, 8.48528137423857, 17.0, 1.4142135623730951, 1.0, 1.4142135623730951, 0, 0, 0, 0, 0, 0, 0, 0, 12, 6, 4, 1]
22 19
[1.0, 1.4142135623730951, 22.0, 5.656854249492381, 1.0, 1.4142135623730951, 1.0, 1.4142135623730951, 0, 0, 0, 0, 0, 0, 0, 0, 12, 6, 4, 1]
21 18
[2.0, 2.8284271247461903, 21.0, 4.242640687119285, 18.0, 1.4142135623730951, 1.0, 1.4142135623730951, 0, 0, 0, 0, 0, 0, 0, 0, 12, 6, 4, 1]
21 17
[1.0, 4.242640687119285, 3.0, 16.97056274847714, 17.0, 1.4142135623730951, 1.0, 1.4142135623730951, 0, 0, 0, 0, 0, 0, 0, 0, 12, 6, 4, 1]
21 19
[1.0, 1.4142135623730951, 21.0, 4.242640687119285, 1.0, 1.4142135623730951, 1.0, 1.4142135623730951, 0, 0, 0, 0, 0, 0, 0, 0, 12, 6, 4, 1]
20 18
[2.0, 2.8284271247461903, 20.0, 2.8284271247461903, 18.0, 1.4142135623730951, 1.0, 1.4142135623730951, 0, 0, 0, 0, 0, 0, 0, 0, 12, 6, 4, 1]
20 17
[1.0, 4.242640687119285, 2.0, 2.8284271247461903, 17.0, 1.4142135623730951, 1.0, 1.4142135623730951, 0, 0, 0, 0, 0, 0, 0, 0, 12, 6, 4, 1]
20 19
[1.0, 1.4142135623730951, 20.0, 2.8284271247461903, 1.0, 1.4142135623730951, 1.0, 1.4142135623730951, 0, 0, 0, 0, 0, 0, 0, 0, 12, 6, 4, 1]
19 18
[2.0, 2.8284271247461903, 19.0, 1.4142135623730951, 18.0, 2.8284271247461903, 1.0, 2.8284271247461903, 0, 0, 0, 0, 0, 0, 0, 0, 12, 6, 4, 1]
21 19
[1.0, 1.4142135623730951, 1.0, 1.4142135623730951, 1.0, 1.4142135623730951, 1.0, 1.4142135623730951, 0, 0, 0, 0, 0, 0, 0, 0, 12, 6, 4, 1]
19 19
[1.0, 1.4142135623730951, 19.0, 2.8284271247461903, 18.0, 1.4142135623730951, 1.0, 1.4142135623730951, 0, 0, 0, 0, 1, 0, 0, 0, 12, 6, 4, 1]
19 18
[1.0, 2.8284271247461903, 19.0, 1.4142135623730951, 17.0, 2.8284271247461903, 1.0, 1.4142135623730951, 0, 0, 0, 0, 1, 0, 0, 0, 12, 6, 4, 1]
18 19
[1.0, 1.4142135623730951, 18.0, 2.8284271247461903, 2.0, 4.242640687119285, 1.0, 1.4142135623730951, 0, 0, 0, 0, 0, 0, 0, 0, 12, 6, 4, 1]
19 17
[1.0, 4.242640687119285, 1.0, 1.4142135623730951, 16.0, 2.8284271247461903, 2.0, 1.4142135623730951, 0, 0, 0, 0, 1, 0, 0, 0, 12, 6, 4, 1]
20 18
[1.0, 1.4142135623730951, 1.0, 2.8284271247461903, 17.0, 1.4142135623730951, 1.0, 1.4142135623730951, 0, 0, 0, 0, 1, 0, 0, 0, 12, 6, 3, 0]
18 18
[2.0, 2.8284271247461903, 18.0, 1.4142135623730951, 1.0, 4.242640687119285, 1.0, 1.4142135623730951, 0, 0, 0, 0, 0, 0, 0, 0, 12, 6, 4, 1]
18 19
[1.0, 1.4142135623730951, 18.0, 2.8284271247461903, 1.0, 1.4142135623730951, 1.0, 1.4142135623730951, 0, 0, 0, 0, 0, 0, 0, 0, 12, 6, 4, 1]
17 18
[2.0, 2.8284271247461903, 17.0, 1.4142135623730951, 1.0, 1.4142135623730951, 1.0, 2.8284271247461903, 0, 0, 0, 0, 0, 0, 0, 0, 12, 6, 4, 1]
19 19
[1.0, 1.4142135623730951, 1.0, 1.4142135623730951, 1.0, 1.4142135623730951, 1.0, 1.4142135623730951, 0, 0, 0, 0, 0, 0, 0, 0, 12, 6, 3, 0]
17 19
[1.0, 1.4142135623730951, 17.0, 11.313708498984761, 2.0, 1.4142135623730951, 1.0, 1.4142135623730951, 0, 0, 0, 0, 0, 0, 0, 0, 12, 6, 4, 1]
17 18
[1.0, 2.8284271247461903, 17.0, 1.4142135623730951, 1.0, 1.4142135623730951, 1.0, 1.4142135623730951, 0, 0, 0, 0, 0, 0, 0, 0, 12, 6, 4, 1]
16 19
[1.0, 1.4142135623730951, 16.0, 11.313708498984761, 2.0, 2.8284271247461903, 1.0, 1.4142135623730951, 0, 0, 0, 0, 0, 0, 0, 0, 12, 6, 4, 1]
18 18
[1.0, 1.4142135623730951, 1.0, 1.4142135623730951, 1.0, 4.242640687119285, 1.0, 1.4142135623730951, 0, 0, 0, 0, 0, 0, 0, 0, 12, 6, 3, 0]
16 18
[2.0, 2.8284271247461903, 16.0, 9.899494936611665, 1.0, 1.4142135623730951, 1.0, 1.4142135623730951, 0, 0, 0, 0, 0, 0, 0, 0, 12, 6, 4, 1]
16 19
[1.0, 1.4142135623730951, 16.0, 11.313708498984761, 1.0, 1.4142135623730951, 1.0, 1.4142135623730951, 0, 0, 0, 0, 0, 0, 0, 0, 12, 6, 4, 1]
15 18
[2.0, 2.8284271247461903, 15.0, 9.899494936611665, 17.0, 1.4142135623730951, 1.0, 2.8284271247461903, 0, 0, 0, 0, 1, 0, 0, 0, 12, 6, 4, 1]
15 17
[1.0, 4.242640687119285, 6.0, 8.48528137423857, 16.0, 1.4142135623730951, 1.0, 1.4142135623730951, 0, 0, 0, 0, 1, 0, 0, 0, 12, 6, 4, 1]
15 19
[1.0, 1.4142135623730951, 15.0, 11.313708498984761, 1.0, 1.4142135623730951, 2.0, 1.4142135623730951, 0, 0, 0, 0, 0, 0, 0, 0, 12, 6, 4, 1]
14 18
[2.0, 2.8284271247461903, 14.0, 9.899494936611665, 17.0, 2.8284271247461903, 1.0, 2.8284271247461903, 0, 0, 0, 0, 1, 0, 0, 0, 12, 6, 4, 1]
14 17
[1.0, 4.242640687119285, 5.0, 8.48528137423857, 16.0, 2.8284271247461903, 2.0, 1.4142135623730951, 0, 0, 0, 0, 1, 0, 0, 0, 12, 6, 4, 1]
14 19
[1.0, 1.4142135623730951, 14.0, 19.79898987322333, 1.0, 1.4142135623730951, 3.0, 1.4142135623730951, 0, 0, 0, 0, 0, 0, 0, 0, 12, 6, 4, 1]
13 18
[2.0, 2.8284271247461903, 13.0, 18.384776310850235, 17.0, 4.242640687119285, 1.0, 2.8284271247461903, 0, 0, 0, 0, 1, 0, 0, 0, 12, 6, 4, 1]
13 17
[1.0, 4.242640687119285, 4.0, 8.48528137423857, 16.0, 11.313708498984761, 3.0, 1.4142135623730951, 0, 0, 0, 0, 1, 0, 0, 0, 12, 6, 4, 1]
13 19
[1.0, 1.4142135623730951, 13.0, 5.656854249492381, 1.0, 1.4142135623730951, 4.0, 1.4142135623730951, 0, 0, 0, 0, 0, 0, 0, 0, 12, 6, 4, 1]
12 18
[2.0, 2.8284271247461903, 12.0, 4.242640687119285, 17.0, 12.727922061357855, 1.0, 2.8284271247461903, 0, 0, 0, 0, 1, 0, 0, 0, 12, 6, 4, 1]
14 19
[1.0, 1.4142135623730951, 1.0, 1.4142135623730951, 1.0, 1.4142135623730951, 3.0, 1.4142135623730951, 0, 0, 0, 0, 0, 0, 0, 0, 12, 6, 4, 1]
12 19
[1.0, 1.4142135623730951, 12.0, 4.242640687119285, 18.0, 1.4142135623730951, 1.0, 1.4142135623730951, 0, 0, 0, 0, 1, 0, 0, 0, 12, 6, 4, 1]
12 18
[1.0, 2.8284271247461903, 12.0, 4.242640687119285, 17.0, 12.727922061357855, 1.0, 1.4142135623730951, 0, 0, 0, 0, 1, 0, 0, 0, 12, 6, 4, 1]
11 19
[1.0, 1.4142135623730951, 11.0, 2.8284271247461903, 18.0, 14.142135623730951, 1.0, 1.4142135623730951, 0, 0, 0, 0, 1, 0, 0, 0, 12, 6, 4, 1]
12 17
[1.0, 4.242640687119285, 3.0, 16.97056274847714, 16.0, 8.48528137423857, 4.0, 1.4142135623730951, 0, 0, 0, 0, 1, 0, 0, 0, 12, 6, 4, 1]
13 18
[1.0, 1.4142135623730951, 1.0, 18.384776310850235, 17.0, 4.242640687119285, 1.0, 2.8284271247461903, 0, 0, 0, 0, 1, 0, 0, 0, 12, 6, 3, 0]
11 18
[2.0, 2.8284271247461903, 11.0, 2.8284271247461903, 17.0, 9.899494936611665, 1.0, 1.4142135623730951, 0, 0, 0, 0, 1, 0, 0, 0, 12, 6, 4, 1]
11 17
[1.0, 4.242640687119285, 2.0, 2.8284271247461903, 16.0, 8.48528137423857, 5.0, 1.4142135623730951, 0, 0, 0, 0, 1, 0, 0, 0, 12, 6, 4, 1]
11 19
[1.0, 1.4142135623730951, 11.0, 2.8284271247461903, 1.0, 1.4142135623730951, 1.0, 1.4142135623730951, 0, 0, 0, 0, 0, 0, 0, 0, 12, 6, 4, 1]
10 18
[2.0, 2.8284271247461903, 10.0, 1.4142135623730951, 17.0, 9.899494936611665, 1.0, 2.8284271247461903, 0, 0, 0, 0, 1, 0, 0, 0, 12, 6, 4, 1]
12 19
[1.0, 1.4142135623730951, 1.0, 1.4142135623730951, 1.0, 1.4142135623730951, 1.0, 1.4142135623730951, 0, 0, 0, 0, 0, 0, 0, 0, 12, 6, 3, 0]
10 19
[1.0, 1.4142135623730951, 10.0, 2.8284271247461903, 18.0, 1.4142135623730951, 1.0, 1.4142135623730951, 0, 0, 0, 0, 1, 0, 0, 0, 12, 6, 4, 1]
10 18
[1.0, 2.8284271247461903, 10.0, 1.4142135623730951, 17.0, 9.899494936611665, 1.0, 1.4142135623730951, 0, 0, 0, 0, 1, 0, 0, 0, 12, 6, 4, 1]
9 19
[1.0, 1.4142135623730951, 9.0, 2.8284271247461903, 2.0, 11.313708498984761, 1.0, 1.4142135623730951, 0, 0, 0, 0, 0, 0, 0, 0, 12, 6, 4, 1]
10 17
[1.0, 4.242640687119285, 1.0, 1.4142135623730951, 16.0, 8.48528137423857, 6.0, 1.4142135623730951, 0, 0, 0, 0, 1, 0, 0, 0, 12, 6, 4, 1]
11 18
[1.0, 1.4142135623730951, 1.0, 2.8284271247461903, 17.0, 9.899494936611665, 1.0, 1.4142135623730951, 0, 0, 0, 0, 1, 0, 0, 0, 12, 6, 3, 0]
9 18
[2.0, 2.8284271247461903, 9.0, 1.4142135623730951, 1.0, 9.899494936611665, 1.0, 1.4142135623730951, 0, 0, 0, 0, 0, 0, 0, 0, 12, 6, 4, 1]
10 16
[1.0, 1.4142135623730951, 1.0, 1.4142135623730951, 15.0, 8.48528137423857, 6.0, 2.8284271247461903, 0, 0, 0, 0, 1, 0, 0, 0, 12, 6, 4, 1]
11 17
[1.0, 1.4142135623730951, 1.0, 2.8284271247461903, 16.0, 8.48528137423857, 5.0, 1.4142135623730951, 0, 0, 0, 0, 1, 0, 0, 0, 12, 6, 4, 1]
10 15
[1.0, 1.4142135623730951, 1.0, 14.142135623730951, 14.0, 8.48528137423857, 6.0, 4.242640687119285, 0, 0, 0, 0, 1, 0, 0, 0, 12, 6, 4, 1]
11 16
[2.0, 1.4142135623730951, 1.0, 15.556349186104045, 15.0, 7.0710678118654755, 5.0, 2.8284271247461903, 0, 0, 0, 0, 1, 0, 0, 0, 12, 6, 4, 1]
10 14
[1.0, 1.4142135623730951, 10.0, 4.242640687119285, 13.0, 15.556349186104045, 11.0, 5.656854249492381, 0, 0, 0, 0, 1, 0, 0, 0, 12, 6, 4, 1]
11 15
[3.0, 1.4142135623730951, 1.0, 5.656854249492381, 14.0, 7.0710678118654755, 5.0, 4.242640687119285, 0, 0, 0, 0, 1, 0, 0, 0, 12, 6, 4, 1]
10 13
[1.0, 2.8284271247461903, 10.0, 2.8284271247461903, 12.0, 11.313708498984761, 11.0, 7.0710678118654755, 0, 0, 0, 0, 1, 0, 0, 0, 12, 6, 4, 1]
11 14
[4.0, 1.4142135623730951, 1.0, 4.242640687119285, 13.0, 7.0710678118654755, 10.0, 5.656854249492381, 0, 0, 0, 0, 1, 0, 0, 0, 12, 6, 4, 1]
9 14
[1.0, 1.4142135623730951, 9.0, 12.727922061357855, 3.0, 12.727922061357855, 1.0, 1.4142135623730951, 0, 0, 0, 0, 0, 0, 0, 0, 12, 6, 4, 1]
10 12
[1.0, 4.242640687119285, 10.0, 1.4142135623730951, 11.0, 9.899494936611665, 11.0, 8.48528137423857, 0, 0, 0, 0, 1, 0, 0, 0, 12, 6, 4, 1]
11 13
[5.0, 1.4142135623730951, 1.0, 2.8284271247461903, 12.0, 14.142135623730951, 10.0, 7.0710678118654755, 0, 0, 0, 0, 1, 0, 0, 0, 12, 6, 4, 1]
9 13
[2.0, 2.8284271247461903, 9.0, 2.8284271247461903, 2.0, 11.313708498984761, 1.0, 1.4142135623730951, 0, 0, 0, 0, 0, 0, 0, 0, 12, 6, 4, 1]
10 11
[1.0, 12.727922061357855, 1.0, 1.4142135623730951, 10.0, 8.48528137423857, 6.0, 8.48528137423857, 0, 0, 0, 0, 1, 0, 0, 0, 12, 6, 4, 1]
11 12
[6.0, 1.4142135623730951, 1.0, 2.8284271247461903, 11.0, 9.899494936611665, 10.0, 7.0710678118654755, 0, 0, 0, 0, 1, 0, 0, 0, 12, 6, 4, 1]
9 12
[3.0, 11.313708498984761, 9.0, 1.4142135623730951, 1.0, 9.899494936611665, 1.0, 1.4142135623730951, 0, 0, 0, 0, 0, 0, 0, 0, 12, 6, 4, 1]
9 13
[2.0, 2.8284271247461903, 9.0, 2.8284271247461903, 1.0, 1.4142135623730951, 1.0, 1.4142135623730951, 0, 0, 0, 0, 0, 0, 0, 0, 12, 6, 4, 1]
8 12
[3.0, 11.313708498984761, 8.0, 1.4142135623730951, 1.0, 1.4142135623730951, 1.0, 2.8284271247461903, 0, 0, 0, 0, 0, 0, 0, 0, 12, 6, 4, 1]
8 13
[2.0, 9.899494936611665, 8.0, 11.313708498984761, 1.0, 1.4142135623730951, 2.0, 2.8284271247461903, 0, 0, 0, 0, 0, 0, 0, 0, 12, 6, 4, 1]
7 12
[3.0, 9.899494936611665, 7.0, 9.899494936611665, 1.0, 1.4142135623730951, 1.0, 4.242640687119285, 0, 0, 0, 0, 0, 0, 0, 0, 12, 6, 4, 1]
9 13
[2.0, 2.8284271247461903, 1.0, 1.4142135623730951, 1.0, 1.4142135623730951, 1.0, 1.4142135623730951, 0, 0, 0, 0, 0, 0, 0, 0, 12, 6, 4, 1]
8 14
[1.0, 1.4142135623730951, 8.0, 11.313708498984761, 1.0, 2.8284271247461903, 2.0, 1.4142135623730951, 0, 0, 0, 0, 0, 0, 0, 0, 12, 6, 4, 1]
7 13
[2.0, 9.899494936611665, 7.0, 9.899494936611665, 2.0, 1.4142135623730951, 1.0, 2.8284271247461903, 0, 0, 0, 0, 0, 0, 0, 0, 12, 6, 4, 1]
7 12
[1.0, 9.899494936611665, 7.0, 9.899494936611665, 1.0, 1.4142135623730951, 1.0, 1.4142135623730951, 0, 0, 0, 0, 0, 0, 0, 0, 12, 6, 4, 1]
7 14
[1.0, 8.48528137423857, 7.0, 9.899494936611665, 1.0, 1.4142135623730951, 3.0, 1.4142135623730951, 0, 0, 0, 0, 0, 0, 0, 0, 12, 6, 4, 1]
6 13
[7.0, 8.48528137423857, 6.0, 8.48528137423857, 12.0, 2.8284271247461903, 1.0, 2.8284271247461903, 0, 0, 0, 0, 1, 0, 0, 0, 12, 6, 4, 1]
8 12
[1.0, 1.4142135623730951, 1.0, 1.4142135623730951, 1.0, 1.4142135623730951, 1.0, 2.8284271247461903, 0, 0, 0, 0, 0, 0, 0, 0, 12, 6, 3, 0]
6 12
[8.0, 8.48528137423857, 6.0, 8.48528137423857, 11.0, 1.4142135623730951, 1.0, 1.4142135623730951, 0, 0, 0, 0, 1, 0, 0, 0, 12, 6, 4, 1]
6 11
[1.0, 8.48528137423857, 6.0, 8.48528137423857, 10.0, 1.4142135623730951, 1.0, 1.4142135623730951, 0, 0, 0, 0, 1, 0, 0, 0, 12, 6, 4, 1]
6 13
[7.0, 8.48528137423857, 6.0, 8.48528137423857, 1.0, 1.4142135623730951, 1.0, 2.8284271247461903, 0, 0, 0, 0, 0, 0, 0, 0, 12, 6, 4, 1]
5 12
[8.0, 7.0710678118654755, 5.0, 7.0710678118654755, 11.0, 2.8284271247461903, 1.0, 4.242640687119285, 0, 0, 0, 0, 1, 0, 0, 0, 12, 6, 4, 1]
6 10
[1.0, 8.48528137423857, 6.0, 8.48528137423857, 9.0, 1.4142135623730951, 1.0, 1.4142135623730951, 0, 0, 0, 0, 1, 0, 0, 0, 12, 6, 4, 0]
5 11
[9.0, 7.0710678118654755, 5.0, 7.0710678118654755, 10.0, 2.8284271247461903, 1.0, 1.4142135623730951, 0, 0, 0, 0, 1, 0, 0, 0, 12, 6, 4, 0]
6 9
[1.0, 8.48528137423857, 6.0, 8.48528137423857, 8.0, 11.313708498984761, 1.0, 1.4142135623730951, 0, 0, 0, 0, 1, 1, 0, 0, 12, 6, 4, -1]
5 10
[10.0, 7.0710678118654755, 5.0, 7.0710678118654755, 9.0, 12.727922061357855, 1.0, 1.4142135623730951, 0, 0, 0, 0, 1, 1, 0, 0, 12, 6, 4, -1]
6 8
[1.0, 8.48528137423857, 6.0, 8.48528137423857, 7.0, 4.242640687119285, 15.0, 1.4142135623730951, 0, 0, 0, 0, 1, 0, 0, 0, 12, 6, 4, -1]
5 9
[11.0, 7.0710678118654755, 5.0, 7.0710678118654755, 8.0, 5.656854249492381, 1.0, 1.4142135623730951, 0, 0, 0, 0, 1, 0, 0, 0, 12, 6, 4, -1]
6 7
[1.0, 8.48528137423857, 6.0, 8.48528137423857, 6.0, 2.8284271247461903, 15.0, 2.8284271247461903, 0, 0, 0, 0, 1, 0, 0, 0, 12, 6, 4, -2]
7 8
[1.0, 1.4142135623730951, 1.0, 9.899494936611665, 3.0, 9.899494936611665, 14.0, 1.4142135623730951, 0, 0, 0, 0, 0, 1, 0, 0, 12, 6, 4, -2]
5 8
[12.0, 7.0710678118654755, 5.0, 7.0710678118654755, 7.0, 4.242640687119285, 1.0, 1.4142135623730951, 0, 0, 0, 0, 1, 0, 0, 0, 12, 6, 4, -2]
6 6
[1.0, 8.48528137423857, 6.0, 7.0710678118654755, 5.0, 1.4142135623730951, 15.0, 4.242640687119285, 0, 0, 0, 1, 1, 0, 0, 0, 12, 6, 4, -3]
7 7
[2.0, 1.4142135623730951, 1.0, 8.48528137423857, 2.0, 2.8284271247461903, 14.0, 2.8284271247461903, 0, 0, 0, 1, 0, 0, 0, 0, 12, 6, 4, -3]
5 7
[13.0, 7.0710678118654755, 5.0, 7.0710678118654755, 6.0, 2.8284271247461903, 1.0, 1.4142135623730951, 0, 0, 0, 0, 1, 0, 0, 0, 12, 6, 4, -3]
6 5
[1.0, 8.48528137423857, 6.0, 5.656854249492381, 4.0, 1.4142135623730951, 1.0, 14.142135623730951, 0, 0, 0, 1, 1, 0, 0, 0, 12, 6, 4, -3]
7 6
[3.0, 1.4142135623730951, 1.0, 7.0710678118654755, 1.0, 1.4142135623730951, 14.0, 12.727922061357855, 0, 0, 0, 1, 0, 0, 0, 0, 12, 6, 4, -3]
5 6
[14.0, 7.0710678118654755, 5.0, 7.0710678118654755, 5.0, 2.8284271247461903, 1.0, 1.4142135623730951, 0, 0, 0, 0, 1, 0, 0, 0, 12, 6, 4, -3]
6 4
[1.0, 8.48528137423857, 6.0, 4.242640687119285, 3.0, 1.4142135623730951, 1.0, 1.4142135623730951, 0, 0, 0, 1, 1, 0, 0, 0, 12, 6, 4, -3]
5 5
[15.0, 7.0710678118654755, 5.0, 5.656854249492381, 4.0, 2.8284271247461903, 1.0, 1.4142135623730951, 0, 0, 0, 1, 1, 0, 0, 0, 12, 6, 4, -3]
6 3
[1.0, 8.48528137423857, 6.0, 2.8284271247461903, 2.0, 2.8284271247461903, 1.0, 1.4142135623730951, 0, 0, 0, 1, 1, 1, 0, 0, 12, 6, 4, -3]
5 4
[16.0, 7.0710678118654755, 5.0, 4.242640687119285, 3.0, 4.242640687119285, 1.0, 1.4142135623730951, 0, 0, 0, 1, 1, 1, 0, 0, 12, 6, 4, -3]
6 2
[1.0, 8.48528137423857, 6.0, 1.4142135623730951, 1.0, 1.4142135623730951, 15.0, 1.4142135623730951, 0, 0, 0, 1, 1, 1, 0, 0, 12, 6, 4, -3]
5 3
[17.0, 7.0710678118654755, 5.0, 2.8284271247461903, 2.0, 2.8284271247461903, 1.0, 1.4142135623730951, 0, 0, 0, 1, 1, 1, 0, 0, 12, 6, 4, -3]
6 1
[1.0, 8.48528137423857, 1.0, 1.4142135623730951, 1.0, 1.4142135623730951, 1.0, 2.8284271247461903, 0, 0, 1, 0, 0, 0, 1, 0, 12, 6, 3, -2]
7 2
[1.0, 1.4142135623730951, 1.0, 1.4142135623730951, 1.0, 1.4142135623730951, 14.0, 1.4142135623730951, 0, 0, 0, 1, 1, 1, 0, 0, 12, 6, 4, -3]
5 2
[18.0, 7.0710678118654755, 5.0, 1.4142135623730951, 1.0, 1.4142135623730951, 1.0, 1.4142135623730951, 0, 0, 0, 1, 1, 1, 0, 0, 12, 6, 4, -3]
7 1
[2.0, 1.4142135623730951, 1.0, 1.4142135623730951, 1.0, 1.4142135623730951, 1.0, 2.8284271247461903, 0, 0, 0, 0, 0, 0, 1, 0, 11, 6, 3, -1]
5 1
[19.0, 7.0710678118654755, 1.0, 1.4142135623730951, 1.0, 1.4142135623730951, 1.0, 1.4142135623730951, 0, 0, 1, 0, 0, 0, 0, 0, 11, 6, 3, -1]
8 1
[2.0, 2.8284271247461903, 1.0, 1.4142135623730951, 1.0, 1.4142135623730951, 1.0, 11.313708498984761, 0, 0, 0, 0, 0, 0, 1, 0, 10, 5, 3, 0]
7 2
[1.0, 1.4142135623730951, 1.0, 1.4142135623730951, 1.0, 1.4142135623730951, 14.0, 1.4142135623730951, 0, 0, 0, 0, 0, 1, 0, 0, 10, 5, 4, -1]
9 1
[2.0, 2.8284271247461903, 1.0, 1.4142135623730951, 1.0, 1.4142135623730951, 1.0, 11.313708498984761, 0, 0, 0, 0, 0, 0, 1, 0, 9, 4, 3, 1]
8 2
[1.0, 1.4142135623730951, 2.0, 1.4142135623730951, 1.0, 1.4142135623730951, 13.0, 1.4142135623730951, 0, 0, 0, 0, 0, 1, 0, 0, 9, 4, 4, 0]
10 1
[11.0, 2.8284271247461903, 1.0, 1.4142135623730951, 1.0, 1.4142135623730951, 1.0, 11.313708498984761, 0, 0, 0, 0, 0, 0, 1, 0, 8, 3, 3, 2]
9 2
[1.0, 1.4142135623730951, 3.0, 1.4142135623730951, 1.0, 1.4142135623730951, 12.0, 9.899494936611665, 0, 0, 0, 0, 0, 1, 0, 0, 8, 3, 4, 1]
11 1
[17.0, 2.8284271247461903, 1.0, 1.4142135623730951, 1.0, 1.4142135623730951, 1.0, 14.142135623730951, 0, 0, 0, 0, 0, 0, 1, 0, 7, 2, 3, 3]
10 2
[10.0, 1.4142135623730951, 4.0, 1.4142135623730951, 1.0, 1.4142135623730951, 11.0, 9.899494936611665, 0, 0, 0, 0, 0, 1, 0, 0, 7, 2, 4, 2]
12 1
[17.0, 4.242640687119285, 1.0, 1.4142135623730951, 1.0, 1.4142135623730951, 1.0, 5.656854249492381, 0, 0, 0, 0, 0, 0, 1, 0, 6, 1, 3, 4]
11 2
[16.0, 2.8284271247461903, 5.0, 1.4142135623730951, 1.0, 1.4142135623730951, 10.0, 9.899494936611665, 0, 0, 0, 0, 0, 1, 0, 0, 6, 1, 4, 3]
13 1
[17.0, 5.656854249492381, 1.0, 1.4142135623730951, 1.0, 1.4142135623730951, 1.0, 4.242640687119285, 0, 0, 0, 0, 0, 0, 1, 0, 12, 6, 2, 5]
12 2
[16.0, 4.242640687119285, 6.0, 1.4142135623730951, 1.0, 1.4142135623730951, 9.0, 12.727922061357855, 0, 0, 0, 0, 0, 1, 0, 0, 12, 6, 3, 4]
14 1
[17.0, 11.313708498984761, 1.0, 1.4142135623730951, 1.0, 1.4142135623730951, 1.0, 2.8284271247461903, 0, 0, 0, 0, 0, 0, 1, 0, 12, 6, 1, 6]
13 2
[16.0, 9.899494936611665, 7.0, 1.4142135623730951, 1.0, 1.4142135623730951, 8.0, 4.242640687119285, 0, 0, 0, 0, 0, 1, 0, 0, 12, 6, 2, 5]
15 1
[17.0, 11.313708498984761, 1.0, 1.4142135623730951, 1.0, 1.4142135623730951, 1.0, 2.8284271247461903, 0, 0, 0, 0, 0, 0, 1, 0, 12, 6, 1, -53]
14 2
[16.0, 9.899494936611665, 8.0, 1.4142135623730951, 1.0, 1.4142135623730951, 7.0, 2.8284271247461903, 0, 0, 0, 0, 0, 1, 0, 0, 12, 6, 1, 6]
16 1
[2.0, 11.313708498984761, 1.0, 1.4142135623730951, 1.0, 1.4142135623730951, 1.0, 2.8284271247461903, 0, 0, 0, 0, 0, 0, 1, 0, 12, 6, 0, -113]
15 2
[16.0, 9.899494936611665, 9.0, 1.4142135623730951, 1.0, 1.4142135623730951, 6.0, 1.4142135623730951, 0, 0, 0, 0, 0, 1, 0, 0, 12, 6, 0, -54]
Winner side: Blue
Details:
  Scores:
    Blue -> 59
    Yellow -> 4
