Loading config from configs\gamecfg95.json
Loading neural network from nn\nn_95.pkl
Starting client
Connecting to host 'localhost' port 8095
Connected successfully
joined the game successfully
Side: Blue
2 1
[19.0, 2.8284271247461903, 1.0, 1.4142135623730951, 1.0, 1.4142135623730951, 19.0, 19.79898987322333, 0, 0, 0, 0, 0, 0, 0, 0, 12, 6, 4, 1]
1 2
[18.0, 1.4142135623730951, 1.0, 1.4142135623730951, 1.0, 2.8284271247461903, 20.0, 9.899494936611665, 0, 0, 0, 0, 0, 0, 0, 0, 12, 6, 4, 1]
2 2
[18.0, 2.8284271247461903, 1.0, 1.4142135623730951, 2.0, 2.8284271247461903, 19.0, 9.899494936611665, 0, 0, 0, 0, 0, 0, 0, 0, 12, 6, 4, 1]
1 3
[17.0, 1.4142135623730951, 1.0, 1.4142135623730951, 1.0, 4.242640687119285, 6.0, 8.48528137423857, 0, 0, 0, 0, 0, 0, 0, 0, 12, 6, 4, 1]
2 3
[17.0, 2.8284271247461903, 1.0, 1.4142135623730951, 3.0, 4.242640687119285, 5.0, 8.48528137423857, 0, 0, 0, 0, 0, 0, 0, 0, 12, 6, 4, 1]
1 4
[16.0, 1.4142135623730951, 1.0, 1.4142135623730951, 1.0, 5.656854249492381, 6.0, 8.48528137423857, 0, 0, 0, 0, 0, 0, 0, 0, 12, 6, 4, 1]
2 2
[1.0, 1.4142135623730951, 1.0, 1.4142135623730951, 2.0, 2.8284271247461903, 19.0, 9.899494936611665, 0, 0, 0, 0, 0, 0, 0, 0, 12, 6, 4, 1]
3 3
[17.0, 4.242640687119285, 1.0, 2.8284271247461903, 3.0, 4.242640687119285, 4.0, 8.48528137423857, 0, 0, 0, 0, 0, 0, 0, 0, 12, 6, 4, 1]
2 4
[16.0, 2.8284271247461903, 2.0, 1.4142135623730951, 1.0, 5.656854249492381, 5.0, 7.0710678118654755, 0, 0, 0, 0, 0, 0, 0, 0, 12, 6, 4, 1]
3 2
[1.0, 1.4142135623730951, 2.0, 2.8284271247461903, 2.0, 2.8284271247461903, 18.0, 18.384776310850235, 0, 0, 0, 0, 0, 0, 0, 0, 12, 6, 4, 1]
4 3
[17.0, 5.656854249492381, 1.0, 4.242640687119285, 3.0, 4.242640687119285, 3.0, 16.97056274847714, 0, 0, 0, 0, 0, 0, 0, 0, 12, 6, 4, 1]
3 4
[16.0, 4.242640687119285, 3.0, 1.4142135623730951, 1.0, 5.656854249492381, 4.0, 7.0710678118654755, 0, 0, 0, 0, 0, 0, 0, 0, 12, 6, 4, 1]
4 2
[1.0, 1.4142135623730951, 3.0, 2.8284271247461903, 2.0, 2.8284271247461903, 17.0, 4.242640687119285, 0, 0, 0, 0, 0, 0, 0, 0, 12, 6, 4, 2]
5 3
[17.0, 7.0710678118654755, 1.0, 4.242640687119285, 3.0, 4.242640687119285, 2.0, 2.8284271247461903, 0, 0, 0, 0, 0, 0, 0, 0, 12, 6, 4, 2]
4 4
[16.0, 5.656854249492381, 4.0, 1.4142135623730951, 1.0, 5.656854249492381, 3.0, 7.0710678118654755, 0, 0, 0, 0, 0, 0, 0, 0, 12, 6, 4, 2]
5 2
[1.0, 1.4142135623730951, 4.0, 2.8284271247461903, 2.0, 2.8284271247461903, 16.0, 2.8284271247461903, 0, 0, 0, 0, 0, 0, 0, 0, 12, 6, 4, 3]
6 3
[17.0, 8.48528137423857, 1.0, 4.242640687119285, 3.0, 4.242640687119285, 1.0, 1.4142135623730951, 0, 0, 0, 0, 0, 0, 0, 0, 12, 6, 4, 3]
5 4
[16.0, 7.0710678118654755, 5.0, 1.4142135623730951, 1.0, 5.656854249492381, 2.0, 15.556349186104045, 0, 0, 0, 0, 0, 0, 0, 0, 12, 6, 4, 3]
6 2
[1.0, 1.4142135623730951, 5.0, 2.8284271247461903, 2.0, 2.8284271247461903, 15.0, 1.4142135623730951, 0, 0, 0, 0, 0, 0, 0, 0, 12, 6, 4, 4]
6 4
[16.0, 8.48528137423857, 6.0, 1.4142135623730951, 1.0, 1.4142135623730951, 1.0, 1.4142135623730951, 0, 0, 0, 0, 0, 0, 0, 0, 12, 6, 4, 4]
6 5
[15.0, 8.48528137423857, 6.0, 2.8284271247461903, 1.0, 1.4142135623730951, 1.0, 14.142135623730951, 0, 0, 0, 0, 0, 0, 0, 0, 12, 6, 4, 5]
5 4
[16.0, 7.0710678118654755, 5.0, 1.4142135623730951, 1.0, 1.4142135623730951, 1.0, 15.556349186104045, 0, 0, 0, 0, 0, 0, 0, 0, 12, 6, 4, 5]
5 3
[1.0, 7.0710678118654755, 1.0, 4.242640687119285, 3.0, 4.242640687119285, 1.0, 1.4142135623730951, 0, 0, 0, 0, 0, 0, 0, 0, 12, 6, 3, 5]
5 5
[15.0, 7.0710678118654755, 5.0, 2.8284271247461903, 1.0, 1.4142135623730951, 2.0, 5.656854249492381, 0, 0, 0, 0, 0, 0, 0, 0, 12, 6, 4, 6]
4 4
[16.0, 5.656854249492381, 4.0, 1.4142135623730951, 1.0, 1.4142135623730951, 1.0, 7.0710678118654755, 0, 0, 0, 0, 0, 0, 0, 0, 12, 6, 4, 6]
5 2
[1.0, 1.4142135623730951, 4.0, 2.8284271247461903, 2.0, 2.8284271247461903, 16.0, 1.4142135623730951, 0, 0, 0, 0, 0, 0, 0, 0, 11, 6, 4, 6]
6 3
[1.0, 1.4142135623730951, 1.0, 4.242640687119285, 3.0, 4.242640687119285, 1.0, 1.4142135623730951, 0, 0, 0, 0, 0, 0, 0, 0, 11, 6, 3, 5]
4 3
[17.0, 5.656854249492381, 1.0, 4.242640687119285, 3.0, 4.242640687119285, 1.0, 1.4142135623730951, 0, 0, 0, 0, 0, 0, 0, 0, 11, 6, 3, 5]
4 2
[1.0, 1.4142135623730951, 3.0, 2.8284271247461903, 2.0, 2.8284271247461903, 17.0, 1.4142135623730951, 0, 0, 0, 0, 0, 0, 0, 0, 10, 5, 4, 6]
4 4
[16.0, 5.656854249492381, 4.0, 1.4142135623730951, 1.0, 1.4142135623730951, 1.0, 7.0710678118654755, 0, 0, 0, 0, 0, 0, 0, 0, 10, 5, 4, 6]
3 3
[17.0, 4.242640687119285, 1.0, 2.8284271247461903, 3.0, 4.242640687119285, 1.0, 8.48528137423857, 0, 0, 0, 0, 0, 0, 0, 0, 10, 5, 3, 5]
3 2
[1.0, 1.4142135623730951, 2.0, 2.8284271247461903, 2.0, 2.8284271247461903, 18.0, 1.4142135623730951, 0, 0, 0, 0, 0, 0, 0, 0, 9, 4, 4, 6]
3 4
[16.0, 4.242640687119285, 3.0, 1.4142135623730951, 1.0, 1.4142135623730951, 2.0, 7.0710678118654755, 0, 0, 0, 0, 0, 0, 0, 0, 9, 4, 4, 6]
2 3
[17.0, 2.8284271247461903, 1.0, 1.4142135623730951, 3.0, 4.242640687119285, 1.0, 8.48528137423857, 0, 0, 0, 0, 0, 0, 0, 0, 9, 4, 3, 5]
2 2
[1.0, 1.4142135623730951, 1.0, 1.4142135623730951, 2.0, 2.8284271247461903, 19.0, 1.4142135623730951, 0, 0, 0, 0, 0, 0, 0, 0, 8, 3, 4, 6]
2 4
[16.0, 2.8284271247461903, 2.0, 1.4142135623730951, 1.0, 1.4142135623730951, 3.0, 7.0710678118654755, 0, 0, 0, 0, 0, 0, 0, 0, 8, 3, 4, 6]
1 3
[17.0, 1.4142135623730951, 1.0, 1.4142135623730951, 1.0, 4.242640687119285, 1.0, 8.48528137423857, 0, 0, 0, 0, 0, 0, 0, 0, 8, 3, 3, 5]
3 4
[16.0, 4.242640687119285, 1.0, 1.4142135623730951, 1.0, 1.4142135623730951, 2.0, 7.0710678118654755, 0, 0, 0, 0, 0, 0, 0, 0, 7, 2, 4, 46]
2 5
[15.0, 2.8284271247461903, 2.0, 2.8284271247461903, 1.0, 2.8284271247461903, 5.0, 7.0710678118654755, 0, 0, 0, 0, 0, 0, 0, 0, 7, 2, 4, 46]
1 4
[16.0, 1.4142135623730951, 1.0, 1.4142135623730951, 1.0, 1.4142135623730951, 1.0, 8.48528137423857, 0, 0, 0, 0, 0, 0, 0, 0, 7, 2, 4, 46]
Winner side: Blue
Details:
  Scores:
    Blue -> 10
    Yellow -> -35
