Loading config from configs\gamecfg377.json
Loading neural network from nn\nn_377.pkl
Starting client
Connecting to host 'localhost' port 8177
Connected successfully
joined the game successfully
Side: Yellow
33 18
[1.0, 2.8284271247461903, 33.0, 9.899494936611665, 18.0, 1.4142135623730951, 1.0, 1.4142135623730951, 0, 0, 0, 0, 0, 0, 0, 0, 12, 6, 4, 1]
32 19
[1.0, 1.4142135623730951, 32.0, 19.79898987322333, 19.0, 1.4142135623730951, 1.0, 1.4142135623730951, 0, 0, 0, 0, 0, 0, 0, 0, 12, 6, 4, 1]
33 17
[1.0, 4.242640687119285, 6.0, 8.48528137423857, 17.0, 1.4142135623730951, 1.0, 1.4142135623730951, 0, 0, 0, 0, 0, 0, 0, 0, 12, 6, 4, 1]
32 18
[2.0, 2.8284271247461903, 32.0, 9.899494936611665, 18.0, 1.4142135623730951, 1.0, 1.4142135623730951, 0, 0, 0, 0, 0, 0, 0, 0, 12, 6, 4, 1]
32 17
[1.0, 4.242640687119285, 5.0, 8.48528137423857, 17.0, 1.4142135623730951, 1.0, 1.4142135623730951, 0, 0, 0, 0, 0, 0, 0, 0, 12, 6, 4, 1]
32 19
[1.0, 1.4142135623730951, 32.0, 19.79898987322333, 1.0, 1.4142135623730951, 1.0, 1.4142135623730951, 0, 0, 0, 0, 0, 0, 0, 0, 12, 6, 4, 1]
31 18
[2.0, 2.8284271247461903, 31.0, 18.384776310850235, 18.0, 1.4142135623730951, 1.0, 1.4142135623730951, 0, 0, 0, 0, 0, 0, 0, 0, 12, 6, 4, 1]
33 19
[1.0, 1.4142135623730951, 1.0, 1.4142135623730951, 1.0, 1.4142135623730951, 1.0, 1.4142135623730951, 0, 0, 0, 0, 0, 0, 0, 0, 12, 6, 3, 0]
31 19
[1.0, 1.4142135623730951, 31.0, 5.656854249492381, 19.0, 1.4142135623730951, 1.0, 1.4142135623730951, 0, 0, 0, 0, 0, 0, 0, 0, 12, 6, 4, 1]
31 18
[1.0, 2.8284271247461903, 31.0, 18.384776310850235, 18.0, 1.4142135623730951, 1.0, 1.4142135623730951, 0, 0, 0, 0, 0, 0, 0, 0, 12, 6, 4, 1]
30 19
[1.0, 1.4142135623730951, 30.0, 4.242640687119285, 19.0, 1.4142135623730951, 1.0, 1.4142135623730951, 0, 0, 0, 0, 0, 0, 0, 0, 12, 6, 4, 1]
31 17
[1.0, 4.242640687119285, 4.0, 8.48528137423857, 17.0, 1.4142135623730951, 1.0, 1.4142135623730951, 0, 0, 0, 0, 0, 0, 0, 0, 12, 6, 4, 1]
32 18
[1.0, 1.4142135623730951, 1.0, 9.899494936611665, 18.0, 1.4142135623730951, 1.0, 1.4142135623730951, 0, 0, 0, 0, 0, 0, 0, 0, 12, 6, 3, 0]
30 18
[2.0, 2.8284271247461903, 30.0, 4.242640687119285, 18.0, 1.4142135623730951, 1.0, 1.4142135623730951, 0, 0, 0, 0, 0, 0, 0, 0, 12, 6, 4, 1]
30 17
[1.0, 4.242640687119285, 3.0, 16.97056274847714, 17.0, 1.4142135623730951, 1.0, 1.4142135623730951, 0, 0, 0, 0, 0, 0, 0, 0, 12, 6, 4, 1]
30 19
[1.0, 1.4142135623730951, 30.0, 4.242640687119285, 1.0, 1.4142135623730951, 1.0, 1.4142135623730951, 0, 0, 0, 0, 0, 0, 0, 0, 12, 6, 4, 1]
29 18
[2.0, 2.8284271247461903, 29.0, 2.8284271247461903, 18.0, 1.4142135623730951, 1.0, 1.4142135623730951, 0, 0, 0, 0, 0, 0, 0, 0, 12, 6, 4, 1]
31 19
[1.0, 1.4142135623730951, 1.0, 1.4142135623730951, 1.0, 1.4142135623730951, 1.0, 1.4142135623730951, 0, 0, 0, 0, 0, 0, 0, 0, 12, 6, 3, 0]
29 19
[1.0, 1.4142135623730951, 29.0, 2.8284271247461903, 19.0, 1.4142135623730951, 1.0, 1.4142135623730951, 0, 0, 0, 0, 0, 0, 0, 0, 12, 6, 4, 1]
29 18
[1.0, 2.8284271247461903, 29.0, 2.8284271247461903, 18.0, 1.4142135623730951, 1.0, 1.4142135623730951, 0, 0, 0, 0, 0, 0, 0, 0, 12, 6, 4, 1]
28 19
[1.0, 1.4142135623730951, 28.0, 2.8284271247461903, 19.0, 1.4142135623730951, 1.0, 1.4142135623730951, 0, 0, 0, 0, 0, 0, 0, 0, 12, 6, 4, 1]
29 17
[1.0, 4.242640687119285, 2.0, 2.8284271247461903, 17.0, 1.4142135623730951, 1.0, 1.4142135623730951, 0, 0, 0, 0, 0, 0, 0, 0, 12, 6, 4, 1]
30 18
[1.0, 1.4142135623730951, 1.0, 4.242640687119285, 18.0, 1.4142135623730951, 1.0, 1.4142135623730951, 0, 0, 0, 0, 0, 0, 0, 0, 12, 6, 3, 0]
28 18
[2.0, 2.8284271247461903, 28.0, 1.4142135623730951, 18.0, 1.4142135623730951, 1.0, 1.4142135623730951, 0, 0, 0, 0, 0, 0, 0, 0, 12, 6, 4, 1]
28 17
[1.0, 4.242640687119285, 1.0, 1.4142135623730951, 17.0, 1.4142135623730951, 1.0, 1.4142135623730951, 0, 0, 0, 0, 0, 0, 0, 0, 12, 6, 4, 1]
28 19
[1.0, 1.4142135623730951, 28.0, 2.8284271247461903, 1.0, 1.4142135623730951, 1.0, 1.4142135623730951, 0, 0, 0, 0, 0, 0, 0, 0, 12, 6, 4, 1]
27 18
[2.0, 2.8284271247461903, 27.0, 1.4142135623730951, 1.0, 1.4142135623730951, 1.0, 1.4142135623730951, 0, 0, 0, 0, 0, 0, 0, 0, 12, 6, 4, 1]
29 19
[1.0, 1.4142135623730951, 1.0, 1.4142135623730951, 1.0, 1.4142135623730951, 1.0, 1.4142135623730951, 0, 0, 0, 0, 0, 0, 0, 0, 12, 6, 3, 0]
27 19
[1.0, 1.4142135623730951, 27.0, 2.8284271247461903, 2.0, 1.4142135623730951, 1.0, 1.4142135623730951, 0, 0, 0, 0, 0, 0, 0, 0, 12, 6, 4, 1]
27 18
[1.0, 2.8284271247461903, 27.0, 1.4142135623730951, 1.0, 1.4142135623730951, 1.0, 1.4142135623730951, 0, 0, 0, 0, 0, 0, 0, 0, 12, 6, 4, 1]
26 19
[1.0, 1.4142135623730951, 26.0, 11.313708498984761, 2.0, 1.4142135623730951, 1.0, 1.4142135623730951, 0, 0, 0, 0, 0, 0, 0, 0, 12, 6, 4, 1]
28 18
[1.0, 1.4142135623730951, 1.0, 1.4142135623730951, 18.0, 1.4142135623730951, 1.0, 1.4142135623730951, 0, 0, 0, 0, 0, 0, 0, 0, 12, 6, 3, 0]
26 18
[2.0, 2.8284271247461903, 26.0, 1.4142135623730951, 1.0, 1.4142135623730951, 1.0, 1.4142135623730951, 0, 0, 0, 0, 0, 0, 0, 0, 12, 6, 4, 1]
26 19
[1.0, 1.4142135623730951, 26.0, 11.313708498984761, 1.0, 1.4142135623730951, 1.0, 1.4142135623730951, 0, 0, 0, 0, 0, 0, 0, 0, 12, 6, 4, 1]
25 18
[2.0, 2.8284271247461903, 25.0, 9.899494936611665, 1.0, 1.4142135623730951, 1.0, 1.4142135623730951, 0, 0, 0, 0, 0, 0, 0, 0, 12, 6, 4, 1]
27 19
[1.0, 1.4142135623730951, 1.0, 1.4142135623730951, 1.0, 1.4142135623730951, 1.0, 1.4142135623730951, 0, 0, 0, 0, 0, 0, 0, 0, 12, 6, 3, 0]
25 19
[1.0, 1.4142135623730951, 25.0, 11.313708498984761, 2.0, 1.4142135623730951, 1.0, 1.4142135623730951, 0, 0, 0, 0, 0, 0, 0, 0, 12, 6, 4, 1]
25 18
[1.0, 2.8284271247461903, 25.0, 9.899494936611665, 1.0, 1.4142135623730951, 1.0, 1.4142135623730951, 0, 0, 0, 0, 0, 0, 0, 0, 12, 6, 4, 1]
24 19
[1.0, 1.4142135623730951, 24.0, 11.313708498984761, 19.0, 1.4142135623730951, 1.0, 1.4142135623730951, 0, 0, 0, 0, 0, 0, 0, 0, 12, 6, 4, 1]
26 18
[1.0, 1.4142135623730951, 1.0, 1.4142135623730951, 1.0, 1.4142135623730951, 1.0, 1.4142135623730951, 0, 0, 0, 0, 0, 0, 0, 0, 12, 6, 3, 0]
24 18
[2.0, 2.8284271247461903, 24.0, 9.899494936611665, 18.0, 1.4142135623730951, 1.0, 1.4142135623730951, 0, 0, 0, 0, 0, 0, 0, 0, 12, 6, 4, 1]
24 17
[1.0, 4.242640687119285, 6.0, 8.48528137423857, 17.0, 1.4142135623730951, 1.0, 1.4142135623730951, 0, 0, 0, 0, 0, 0, 0, 0, 12, 6, 4, 1]
24 19
[1.0, 1.4142135623730951, 24.0, 11.313708498984761, 1.0, 1.4142135623730951, 1.0, 1.4142135623730951, 0, 0, 0, 0, 0, 0, 0, 0, 12, 6, 4, 1]
23 18
[2.0, 2.8284271247461903, 23.0, 9.899494936611665, 18.0, 1.4142135623730951, 1.0, 1.4142135623730951, 0, 0, 0, 0, 0, 0, 0, 0, 12, 6, 4, 1]
25 19
[1.0, 1.4142135623730951, 1.0, 1.4142135623730951, 1.0, 1.4142135623730951, 1.0, 1.4142135623730951, 0, 0, 0, 0, 0, 0, 0, 0, 12, 6, 3, 0]
23 19
[1.0, 1.4142135623730951, 23.0, 19.79898987322333, 19.0, 1.4142135623730951, 1.0, 1.4142135623730951, 0, 0, 0, 0, 0, 0, 0, 0, 12, 6, 4, 1]
23 18
[1.0, 2.8284271247461903, 23.0, 9.899494936611665, 18.0, 1.4142135623730951, 1.0, 1.4142135623730951, 0, 0, 0, 0, 0, 0, 0, 0, 12, 6, 4, 1]
22 19
[1.0, 1.4142135623730951, 22.0, 5.656854249492381, 19.0, 1.4142135623730951, 1.0, 1.4142135623730951, 0, 0, 0, 0, 0, 0, 0, 0, 12, 6, 4, 1]
23 17
[1.0, 4.242640687119285, 5.0, 8.48528137423857, 17.0, 1.4142135623730951, 1.0, 1.4142135623730951, 0, 0, 0, 0, 0, 0, 0, 0, 12, 6, 4, 1]
24 18
[1.0, 1.4142135623730951, 1.0, 9.899494936611665, 18.0, 1.4142135623730951, 1.0, 1.4142135623730951, 0, 0, 0, 0, 0, 0, 0, 0, 12, 6, 3, 0]
22 18
[2.0, 2.8284271247461903, 22.0, 18.384776310850235, 18.0, 1.4142135623730951, 1.0, 1.4142135623730951, 0, 0, 0, 0, 0, 0, 0, 0, 12, 6, 4, 1]
22 17
[1.0, 4.242640687119285, 4.0, 8.48528137423857, 17.0, 1.4142135623730951, 1.0, 1.4142135623730951, 0, 0, 0, 0, 0, 0, 0, 0, 12, 6, 4, 1]
22 19
[1.0, 1.4142135623730951, 22.0, 5.656854249492381, 1.0, 1.4142135623730951, 1.0, 1.4142135623730951, 0, 0, 0, 0, 0, 0, 0, 0, 12, 6, 4, 1]
21 18
[2.0, 2.8284271247461903, 21.0, 4.242640687119285, 18.0, 1.4142135623730951, 1.0, 1.4142135623730951, 0, 0, 0, 0, 0, 0, 0, 0, 12, 6, 4, 1]
23 19
[1.0, 1.4142135623730951, 1.0, 1.4142135623730951, 1.0, 1.4142135623730951, 1.0, 1.4142135623730951, 0, 0, 0, 0, 0, 0, 0, 0, 12, 6, 3, 0]
21 19
[1.0, 1.4142135623730951, 21.0, 4.242640687119285, 19.0, 1.4142135623730951, 1.0, 1.4142135623730951, 0, 0, 0, 0, 0, 0, 0, 0, 12, 6, 4, 1]
21 18
[1.0, 2.8284271247461903, 21.0, 4.242640687119285, 18.0, 1.4142135623730951, 1.0, 1.4142135623730951, 0, 0, 0, 0, 0, 0, 0, 0, 12, 6, 4, 1]
20 19
[1.0, 1.4142135623730951, 20.0, 2.8284271247461903, 19.0, 1.4142135623730951, 1.0, 1.4142135623730951, 0, 0, 0, 0, 0, 0, 0, 0, 12, 6, 4, 1]
21 17
[1.0, 4.242640687119285, 3.0, 16.97056274847714, 17.0, 1.4142135623730951, 1.0, 1.4142135623730951, 0, 0, 0, 0, 0, 0, 0, 0, 12, 6, 4, 1]
22 18
[1.0, 1.4142135623730951, 1.0, 18.384776310850235, 18.0, 1.4142135623730951, 1.0, 1.4142135623730951, 0, 0, 0, 0, 0, 0, 0, 0, 12, 6, 3, 0]
20 18
[2.0, 2.8284271247461903, 20.0, 2.8284271247461903, 18.0, 1.4142135623730951, 1.0, 1.4142135623730951, 0, 0, 0, 0, 0, 0, 0, 0, 12, 6, 4, 1]
20 17
[1.0, 4.242640687119285, 2.0, 2.8284271247461903, 17.0, 1.4142135623730951, 1.0, 1.4142135623730951, 0, 0, 0, 0, 0, 0, 0, 0, 12, 6, 4, 1]
20 19
[1.0, 1.4142135623730951, 20.0, 2.8284271247461903, 1.0, 1.4142135623730951, 1.0, 1.4142135623730951, 0, 0, 0, 0, 0, 0, 0, 0, 12, 6, 4, 1]
19 18
[2.0, 2.8284271247461903, 19.0, 1.4142135623730951, 18.0, 2.8284271247461903, 1.0, 2.8284271247461903, 0, 0, 0, 0, 0, 0, 0, 0, 12, 6, 4, 1]
21 19
[1.0, 1.4142135623730951, 1.0, 1.4142135623730951, 1.0, 1.4142135623730951, 1.0, 1.4142135623730951, 0, 0, 0, 0, 0, 0, 0, 0, 12, 6, 3, 0]
19 19
[1.0, 1.4142135623730951, 19.0, 2.8284271247461903, 19.0, 1.4142135623730951, 1.0, 1.4142135623730951, 0, 0, 0, 0, 0, 0, 0, 0, 12, 6, 4, 1]
19 18
[1.0, 2.8284271247461903, 19.0, 1.4142135623730951, 18.0, 2.8284271247461903, 1.0, 1.4142135623730951, 0, 0, 0, 0, 0, 0, 0, 0, 12, 6, 4, 1]
18 19
[1.0, 1.4142135623730951, 18.0, 2.8284271247461903, 2.0, 4.242640687119285, 1.0, 1.4142135623730951, 0, 0, 0, 0, 0, 0, 0, 0, 12, 6, 4, 1]
18 18
[1.0, 2.8284271247461903, 18.0, 1.4142135623730951, 1.0, 4.242640687119285, 2.0, 1.4142135623730951, 0, 0, 0, 0, 0, 0, 0, 0, 12, 6, 4, 1]
17 19
[1.0, 1.4142135623730951, 17.0, 11.313708498984761, 2.0, 5.656854249492381, 1.0, 1.4142135623730951, 0, 0, 0, 0, 0, 0, 0, 0, 12, 6, 4, 1]
19 18
[1.0, 1.4142135623730951, 1.0, 1.4142135623730951, 18.0, 2.8284271247461903, 1.0, 1.4142135623730951, 0, 0, 0, 0, 0, 0, 0, 0, 12, 6, 4, 1]
17 18
[2.0, 2.8284271247461903, 17.0, 1.4142135623730951, 1.0, 1.4142135623730951, 1.0, 1.4142135623730951, 0, 0, 0, 0, 0, 0, 0, 0, 12, 6, 4, 1]
17 19
[1.0, 1.4142135623730951, 17.0, 11.313708498984761, 1.0, 1.4142135623730951, 1.0, 1.4142135623730951, 0, 0, 0, 0, 0, 0, 0, 0, 12, 6, 4, 1]
16 18
[2.0, 2.8284271247461903, 16.0, 9.899494936611665, 1.0, 1.4142135623730951, 1.0, 2.8284271247461903, 0, 0, 0, 0, 0, 0, 0, 0, 12, 6, 4, 1]
18 19
[1.0, 1.4142135623730951, 1.0, 1.4142135623730951, 1.0, 4.242640687119285, 1.0, 1.4142135623730951, 0, 0, 0, 0, 0, 0, 0, 0, 12, 6, 3, 0]
16 19
[1.0, 1.4142135623730951, 16.0, 11.313708498984761, 2.0, 1.4142135623730951, 1.0, 1.4142135623730951, 0, 0, 0, 0, 0, 0, 0, 0, 12, 6, 4, 1]
16 18
[1.0, 2.8284271247461903, 16.0, 9.899494936611665, 1.0, 1.4142135623730951, 1.0, 1.4142135623730951, 0, 0, 0, 0, 0, 0, 0, 0, 12, 6, 4, 1]
15 19
[1.0, 1.4142135623730951, 15.0, 11.313708498984761, 16.0, 2.8284271247461903, 1.0, 1.4142135623730951, 0, 0, 0, 0, 1, 0, 0, 0, 12, 6, 4, 1]
17 18
[1.0, 1.4142135623730951, 1.0, 1.4142135623730951, 1.0, 1.4142135623730951, 1.0, 1.4142135623730951, 0, 0, 0, 0, 0, 0, 0, 0, 12, 6, 3, 0]
15 18
[2.0, 2.8284271247461903, 15.0, 9.899494936611665, 15.0, 1.4142135623730951, 1.0, 1.4142135623730951, 0, 0, 0, 0, 1, 0, 0, 0, 12, 6, 4, 1]
15 17
[1.0, 4.242640687119285, 6.0, 8.48528137423857, 14.0, 1.4142135623730951, 1.0, 1.4142135623730951, 0, 0, 0, 0, 1, 0, 0, 0, 12, 6, 4, 1]
15 19
[1.0, 1.4142135623730951, 15.0, 11.313708498984761, 1.0, 1.4142135623730951, 1.0, 1.4142135623730951, 0, 0, 0, 0, 0, 0, 0, 0, 12, 6, 4, 1]
14 18
[2.0, 2.8284271247461903, 14.0, 9.899494936611665, 14.0, 2.8284271247461903, 1.0, 2.8284271247461903, 0, 0, 0, 0, 1, 0, 0, 0, 12, 6, 4, 1]
16 19
[1.0, 1.4142135623730951, 1.0, 1.4142135623730951, 1.0, 1.4142135623730951, 1.0, 1.4142135623730951, 0, 0, 0, 0, 0, 0, 0, 0, 12, 6, 3, 0]
14 19
[1.0, 1.4142135623730951, 14.0, 19.79898987322333, 15.0, 1.4142135623730951, 1.0, 1.4142135623730951, 0, 0, 0, 0, 1, 0, 0, 0, 12, 6, 4, 1]
14 18
[1.0, 2.8284271247461903, 14.0, 9.899494936611665, 14.0, 2.8284271247461903, 1.0, 1.4142135623730951, 0, 0, 0, 0, 1, 0, 0, 0, 12, 6, 4, 1]
13 19
[1.0, 1.4142135623730951, 13.0, 5.656854249492381, 11.0, 4.242640687119285, 1.0, 1.4142135623730951, 0, 0, 0, 0, 1, 0, 0, 0, 12, 6, 4, 1]
14 17
[1.0, 4.242640687119285, 5.0, 8.48528137423857, 13.0, 2.8284271247461903, 2.0, 1.4142135623730951, 0, 0, 0, 0, 1, 0, 0, 0, 12, 6, 4, 1]
15 18
[1.0, 1.4142135623730951, 1.0, 9.899494936611665, 15.0, 1.4142135623730951, 1.0, 1.4142135623730951, 0, 0, 0, 0, 1, 0, 0, 0, 12, 6, 3, 0]
13 18
[2.0, 2.8284271247461903, 13.0, 18.384776310850235, 10.0, 4.242640687119285, 1.0, 1.4142135623730951, 0, 0, 0, 0, 1, 0, 0, 0, 12, 6, 4, 1]
13 17
[1.0, 4.242640687119285, 4.0, 8.48528137423857, 9.0, 11.313708498984761, 3.0, 1.4142135623730951, 0, 0, 0, 0, 1, 0, 0, 0, 12, 6, 4, 1]
13 19
[1.0, 1.4142135623730951, 13.0, 5.656854249492381, 1.0, 1.4142135623730951, 1.0, 1.4142135623730951, 0, 0, 0, 0, 0, 0, 0, 0, 12, 6, 4, 1]
12 18
[2.0, 2.8284271247461903, 12.0, 4.242640687119285, 10.0, 12.727922061357855, 1.0, 2.8284271247461903, 0, 0, 0, 0, 1, 0, 0, 0, 12, 6, 4, 1]
14 19
[1.0, 1.4142135623730951, 1.0, 1.4142135623730951, 1.0, 1.4142135623730951, 1.0, 1.4142135623730951, 0, 0, 0, 0, 0, 0, 0, 0, 12, 6, 3, 0]
12 19
[1.0, 1.4142135623730951, 12.0, 4.242640687119285, 11.0, 1.4142135623730951, 1.0, 1.4142135623730951, 0, 0, 0, 0, 1, 0, 0, 0, 12, 6, 4, 1]
12 18
[1.0, 2.8284271247461903, 12.0, 4.242640687119285, 10.0, 12.727922061357855, 1.0, 1.4142135623730951, 0, 0, 0, 0, 1, 0, 0, 0, 12, 6, 4, 1]
11 19
[1.0, 1.4142135623730951, 11.0, 2.8284271247461903, 11.0, 14.142135623730951, 1.0, 1.4142135623730951, 0, 0, 0, 0, 1, 0, 0, 0, 12, 6, 4, 1]
12 17
[1.0, 4.242640687119285, 3.0, 16.97056274847714, 9.0, 8.48528137423857, 4.0, 1.4142135623730951, 0, 0, 0, 0, 1, 0, 0, 0, 12, 6, 4, 1]
13 18
[1.0, 1.4142135623730951, 1.0, 18.384776310850235, 10.0, 4.242640687119285, 1.0, 1.4142135623730951, 0, 0, 0, 0, 1, 0, 0, 0, 12, 6, 3, 0]
11 18
[2.0, 2.8284271247461903, 11.0, 2.8284271247461903, 10.0, 9.899494936611665, 1.0, 1.4142135623730951, 0, 0, 0, 0, 1, 0, 0, 0, 12, 6, 4, 1]
11 17
[1.0, 4.242640687119285, 2.0, 2.8284271247461903, 9.0, 8.48528137423857, 5.0, 1.4142135623730951, 0, 0, 0, 0, 1, 0, 0, 0, 12, 6, 4, 1]
11 19
[1.0, 1.4142135623730951, 11.0, 2.8284271247461903, 1.0, 1.4142135623730951, 1.0, 1.4142135623730951, 0, 0, 0, 0, 0, 0, 0, 0, 12, 6, 4, 1]
10 18
[2.0, 2.8284271247461903, 10.0, 1.4142135623730951, 11.0, 9.899494936611665, 1.0, 2.8284271247461903, 0, 0, 0, 0, 1, 0, 0, 0, 12, 6, 4, 1]
12 19
[1.0, 1.4142135623730951, 1.0, 1.4142135623730951, 1.0, 1.4142135623730951, 1.0, 1.4142135623730951, 0, 0, 0, 0, 0, 0, 0, 0, 12, 6, 3, 0]
10 19
[1.0, 1.4142135623730951, 10.0, 2.8284271247461903, 12.0, 1.4142135623730951, 1.0, 1.4142135623730951, 0, 0, 0, 0, 1, 0, 0, 0, 12, 6, 4, 1]
10 18
[1.0, 2.8284271247461903, 10.0, 1.4142135623730951, 11.0, 9.899494936611665, 1.0, 1.4142135623730951, 0, 0, 0, 0, 1, 0, 0, 0, 12, 6, 4, 1]
9 19
[1.0, 1.4142135623730951, 9.0, 2.8284271247461903, 2.0, 11.313708498984761, 1.0, 1.4142135623730951, 0, 0, 0, 0, 0, 0, 0, 0, 12, 6, 4, 1]
9 18
[1.0, 2.8284271247461903, 9.0, 1.4142135623730951, 1.0, 9.899494936611665, 2.0, 1.4142135623730951, 0, 0, 0, 0, 0, 0, 0, 0, 12, 6, 4, 1]
8 19
[1.0, 1.4142135623730951, 8.0, 11.313708498984761, 2.0, 11.313708498984761, 1.0, 1.4142135623730951, 0, 0, 0, 0, 0, 0, 0, 0, 12, 6, 4, 1]
10 18
[1.0, 1.4142135623730951, 1.0, 1.4142135623730951, 11.0, 9.899494936611665, 1.0, 1.4142135623730951, 0, 0, 0, 0, 1, 0, 0, 0, 12, 6, 4, 1]
8 18
[2.0, 2.8284271247461903, 8.0, 1.4142135623730951, 1.0, 1.4142135623730951, 1.0, 1.4142135623730951, 0, 0, 0, 0, 0, 0, 0, 0, 12, 6, 4, 1]
8 19
[1.0, 1.4142135623730951, 8.0, 11.313708498984761, 1.0, 1.4142135623730951, 1.0, 1.4142135623730951, 0, 0, 0, 0, 0, 0, 0, 0, 12, 6, 4, 1]
7 18
[2.0, 2.8284271247461903, 7.0, 9.899494936611665, 1.0, 1.4142135623730951, 1.0, 2.8284271247461903, 0, 0, 0, 0, 0, 0, 0, 0, 12, 6, 4, 1]
9 19
[1.0, 1.4142135623730951, 1.0, 1.4142135623730951, 1.0, 11.313708498984761, 1.0, 1.4142135623730951, 0, 0, 0, 0, 0, 0, 0, 0, 12, 6, 3, 0]
7 19
[1.0, 1.4142135623730951, 7.0, 9.899494936611665, 2.0, 1.4142135623730951, 1.0, 1.4142135623730951, 0, 0, 0, 0, 0, 0, 0, 0, 12, 6, 4, 1]
7 18
[1.0, 2.8284271247461903, 7.0, 9.899494936611665, 1.0, 1.4142135623730951, 1.0, 1.4142135623730951, 0, 0, 0, 0, 0, 0, 0, 0, 12, 6, 4, 1]
6 19
[1.0, 1.4142135623730951, 6.0, 8.48528137423857, 9.0, 2.8284271247461903, 1.0, 1.4142135623730951, 0, 0, 0, 0, 1, 0, 0, 0, 12, 6, 4, 1]
8 18
[1.0, 1.4142135623730951, 1.0, 1.4142135623730951, 1.0, 1.4142135623730951, 1.0, 1.4142135623730951, 0, 0, 0, 0, 0, 0, 0, 0, 12, 6, 3, 0]
6 18
[2.0, 2.8284271247461903, 6.0, 8.48528137423857, 4.0, 1.4142135623730951, 1.0, 1.4142135623730951, 0, 0, 0, 0, 1, 0, 0, 0, 12, 6, 4, 1]
6 17
[1.0, 4.242640687119285, 6.0, 8.48528137423857, 3.0, 1.4142135623730951, 1.0, 1.4142135623730951, 0, 0, 0, 0, 1, 0, 0, 0, 12, 6, 4, 1]
6 19
[1.0, 1.4142135623730951, 6.0, 8.48528137423857, 1.0, 1.4142135623730951, 1.0, 1.4142135623730951, 0, 0, 0, 0, 0, 0, 0, 0, 12, 6, 4, 1]
5 18
[2.0, 2.8284271247461903, 5.0, 7.0710678118654755, 4.0, 2.8284271247461903, 1.0, 2.8284271247461903, 0, 0, 0, 0, 1, 0, 0, 0, 12, 6, 4, 1]
7 19
[1.0, 1.4142135623730951, 1.0, 1.4142135623730951, 1.0, 1.4142135623730951, 1.0, 1.4142135623730951, 0, 0, 0, 0, 0, 0, 0, 0, 12, 6, 3, 0]
5 19
[1.0, 1.4142135623730951, 5.0, 7.0710678118654755, 5.0, 1.4142135623730951, 1.0, 1.4142135623730951, 0, 0, 0, 0, 1, 0, 0, 0, 12, 6, 4, 1]
5 18
[1.0, 2.8284271247461903, 5.0, 7.0710678118654755, 4.0, 2.8284271247461903, 1.0, 1.4142135623730951, 0, 0, 0, 0, 1, 0, 0, 0, 12, 6, 4, 1]
4 19
[1.0, 1.4142135623730951, 4.0, 5.656854249492381, 5.0, 4.242640687119285, 1.0, 1.4142135623730951, 0, 0, 0, 0, 1, 0, 0, 0, 12, 6, 4, 1]
5 17
[1.0, 4.242640687119285, 5.0, 7.0710678118654755, 3.0, 2.8284271247461903, 2.0, 1.4142135623730951, 0, 0, 0, 0, 1, 0, 0, 0, 12, 6, 4, 1]
6 18
[1.0, 1.4142135623730951, 1.0, 8.48528137423857, 4.0, 1.4142135623730951, 1.0, 1.4142135623730951, 0, 0, 0, 0, 1, 0, 0, 0, 12, 6, 3, 0]
4 18
[2.0, 2.8284271247461903, 4.0, 5.656854249492381, 4.0, 4.242640687119285, 1.0, 1.4142135623730951, 0, 0, 0, 0, 1, 0, 0, 0, 12, 6, 4, 1]
5 16
[1.0, 5.656854249492381, 5.0, 7.0710678118654755, 2.0, 2.8284271247461903, 2.0, 2.8284271247461903, 0, 0, 0, 0, 1, 1, 0, 0, 12, 6, 4, 1]
6 17
[1.0, 1.4142135623730951, 1.0, 8.48528137423857, 3.0, 1.4142135623730951, 1.0, 1.4142135623730951, 0, 0, 0, 0, 1, 0, 0, 0, 12, 6, 4, 1]
4 17
[3.0, 4.242640687119285, 4.0, 5.656854249492381, 3.0, 4.242640687119285, 1.0, 1.4142135623730951, 0, 0, 0, 0, 1, 1, 0, 0, 12, 6, 4, 1]
5 15
[1.0, 7.0710678118654755, 5.0, 1.4142135623730951, 1.0, 1.4142135623730951, 2.0, 2.8284271247461903, 0, 0, 0, 1, 1, 1, 0, 0, 12, 6, 4, 1]
6 16
[2.0, 1.4142135623730951, 1.0, 2.8284271247461903, 2.0, 1.4142135623730951, 1.0, 1.4142135623730951, 0, 0, 0, 1, 1, 0, 0, 0, 12, 6, 4, 1]
4 16
[4.0, 5.656854249492381, 4.0, 5.656854249492381, 2.0, 2.8284271247461903, 1.0, 1.4142135623730951, 0, 0, 0, 0, 1, 1, 0, 0, 12, 6, 4, 1]
5 14
[1.0, 7.0710678118654755, 1.0, 1.4142135623730951, 4.0, 1.4142135623730951, 1.0, 2.8284271247461903, 0, 0, 1, 1, 1, 1, 1, 0, 12, 6, 3, 2]
6 15
[3.0, 1.4142135623730951, 1.0, 1.4142135623730951, 1.0, 1.4142135623730951, 1.0, 1.4142135623730951, 0, 0, 0, 1, 1, 1, 0, 0, 12, 6, 4, 1]
4 15
[5.0, 5.656854249492381, 4.0, 5.656854249492381, 1.0, 1.4142135623730951, 1.0, 1.4142135623730951, 0, 0, 0, 0, 1, 1, 0, 0, 12, 6, 4, 1]
4 14
[1.0, 5.656854249492381, 4.0, 5.656854249492381, 1.0, 2.8284271247461903, 1.0, 1.4142135623730951, 0, 0, 0, 0, 1, 1, 1, 0, 12, 6, 3, 2]
4 16
[4.0, 5.656854249492381, 4.0, 5.656854249492381, 1.0, 1.4142135623730951, 1.0, 1.4142135623730951, 0, 0, 0, 0, 0, 0, 0, 0, 12, 6, 4, 1]
3 15
[5.0, 4.242640687119285, 3.0, 4.242640687119285, 13.0, 1.4142135623730951, 1.0, 2.8284271247461903, 0, 0, 0, 0, 1, 1, 0, 0, 12, 6, 4, 1]
5 16
[1.0, 5.656854249492381, 1.0, 1.4142135623730951, 1.0, 2.8284271247461903, 2.0, 2.8284271247461903, 0, 0, 0, 0, 0, 1, 0, 0, 12, 6, 3, 0]
4 17
[3.0, 4.242640687119285, 4.0, 5.656854249492381, 1.0, 1.4142135623730951, 1.0, 1.4142135623730951, 0, 0, 0, 0, 0, 0, 0, 0, 12, 6, 4, 1]
3 16
[4.0, 4.242640687119285, 3.0, 4.242640687119285, 14.0, 1.4142135623730951, 1.0, 2.8284271247461903, 0, 0, 0, 0, 1, 0, 0, 0, 12, 6, 4, 1]
5 17
[1.0, 4.242640687119285, 1.0, 1.4142135623730951, 1.0, 2.8284271247461903, 2.0, 1.4142135623730951, 0, 0, 0, 0, 0, 0, 0, 0, 12, 6, 3, 0]
4 18
[2.0, 2.8284271247461903, 4.0, 5.656854249492381, 1.0, 1.4142135623730951, 1.0, 1.4142135623730951, 0, 0, 0, 0, 0, 0, 0, 0, 12, 6, 4, 1]
3 17
[3.0, 4.242640687119285, 3.0, 4.242640687119285, 15.0, 1.4142135623730951, 1.0, 2.8284271247461903, 0, 0, 0, 0, 1, 0, 0, 0, 12, 6, 4, 1]
5 18
[1.0, 2.8284271247461903, 1.0, 1.4142135623730951, 1.0, 2.8284271247461903, 1.0, 1.4142135623730951, 0, 0, 0, 0, 0, 0, 0, 0, 12, 6, 3, 0]
4 19
[1.0, 1.4142135623730951, 4.0, 5.656854249492381, 1.0, 1.4142135623730951, 1.0, 1.4142135623730951, 0, 0, 0, 0, 0, 0, 0, 0, 12, 6, 4, 1]
3 18
[2.0, 2.8284271247461903, 3.0, 4.242640687119285, 16.0, 1.4142135623730951, 1.0, 2.8284271247461903, 0, 0, 0, 0, 1, 0, 0, 0, 12, 6, 4, 1]
5 19
[1.0, 1.4142135623730951, 1.0, 1.4142135623730951, 1.0, 1.4142135623730951, 1.0, 1.4142135623730951, 0, 0, 0, 0, 0, 0, 0, 0, 12, 6, 3, 0]
3 19
[1.0, 1.4142135623730951, 3.0, 4.242640687119285, 17.0, 1.4142135623730951, 1.0, 1.4142135623730951, 0, 0, 0, 0, 1, 0, 0, 0, 12, 6, 4, 1]
5 18
[1.0, 1.4142135623730951, 1.0, 1.4142135623730951, 1.0, 2.8284271247461903, 1.0, 1.4142135623730951, 0, 0, 0, 0, 0, 0, 0, 0, 11, 6, 3, -1]
6 19
[1.0, 1.4142135623730951, 1.0, 1.4142135623730951, 1.0, 1.4142135623730951, 1.0, 1.4142135623730951, 0, 0, 0, 0, 0, 0, 0, 0, 11, 6, 3, -1]
6 18
[1.0, 1.4142135623730951, 1.0, 1.4142135623730951, 4.0, 1.4142135623730951, 1.0, 1.4142135623730951, 0, 0, 0, 0, 1, 0, 0, 0, 10, 5, 3, -2]
7 19
[1.0, 1.4142135623730951, 1.0, 1.4142135623730951, 1.0, 1.4142135623730951, 1.0, 1.4142135623730951, 0, 0, 0, 0, 0, 0, 0, 0, 10, 5, 3, -2]
7 18
[1.0, 1.4142135623730951, 1.0, 2.8284271247461903, 1.0, 1.4142135623730951, 1.0, 1.4142135623730951, 0, 0, 0, 0, 0, 0, 0, 0, 9, 4, 3, -3]
8 19
[1.0, 1.4142135623730951, 1.0, 1.4142135623730951, 1.0, 1.4142135623730951, 1.0, 1.4142135623730951, 0, 0, 0, 0, 0, 0, 0, 0, 9, 4, 3, -3]
8 18
[1.0, 1.4142135623730951, 1.0, 1.4142135623730951, 1.0, 1.4142135623730951, 1.0, 1.4142135623730951, 0, 0, 0, 0, 0, 0, 0, 0, 8, 3, 3, -4]
9 19
[1.0, 1.4142135623730951, 1.0, 1.4142135623730951, 1.0, 11.313708498984761, 1.0, 1.4142135623730951, 0, 0, 0, 0, 0, 0, 0, 0, 8, 3, 3, -4]
9 18
[1.0, 1.4142135623730951, 1.0, 1.4142135623730951, 1.0, 9.899494936611665, 2.0, 1.4142135623730951, 0, 0, 0, 0, 0, 0, 0, 0, 7, 2, 3, -5]
10 19
[1.0, 1.4142135623730951, 1.0, 1.4142135623730951, 5.0, 1.4142135623730951, 1.0, 1.4142135623730951, 0, 0, 0, 0, 1, 0, 0, 0, 7, 2, 3, -5]
10 18
[1.0, 1.4142135623730951, 1.0, 1.4142135623730951, 4.0, 9.899494936611665, 1.0, 1.4142135623730951, 0, 0, 0, 0, 1, 0, 0, 0, 6, 1, 4, -5]
8 18
[1.0, 1.4142135623730951, 1.0, 1.4142135623730951, 1.0, 1.4142135623730951, 1.0, 1.4142135623730951, 0, 0, 0, 0, 0, 0, 0, 0, 6, 1, 3, -6]
10 17
[1.0, 1.4142135623730951, 1.0, 1.4142135623730951, 3.0, 7.0710678118654755, 6.0, 1.4142135623730951, 0, 0, 0, 0, 1, 1, 0, 0, 12, 6, 4, -5]
11 18
[1.0, 1.4142135623730951, 1.0, 2.8284271247461903, 4.0, 9.899494936611665, 1.0, 1.4142135623730951, 0, 0, 0, 0, 1, 0, 0, 0, 12, 6, 3, -6]
10 19
[1.0, 1.4142135623730951, 1.0, 1.4142135623730951, 1.0, 1.4142135623730951, 1.0, 1.4142135623730951, 0, 0, 0, 0, 0, 0, 0, 0, 12, 6, 3, -6]
10 16
[1.0, 1.4142135623730951, 1.0, 1.4142135623730951, 2.0, 2.8284271247461903, 6.0, 2.8284271247461903, 0, 0, 0, 0, 1, 1, 0, 0, 12, 6, 4, -5]
11 17
[1.0, 1.4142135623730951, 1.0, 2.8284271247461903, 3.0, 5.656854249492381, 5.0, 1.4142135623730951, 0, 0, 0, 0, 1, 1, 0, 0, 12, 6, 4, -5]
10 15
[1.0, 1.4142135623730951, 1.0, 2.8284271247461903, 1.0, 1.4142135623730951, 6.0, 4.242640687119285, 0, 0, 0, 1, 1, 1, 0, 0, 12, 6, 4, -5]
11 16
[2.0, 1.4142135623730951, 1.0, 4.242640687119285, 2.0, 5.656854249492381, 5.0, 2.8284271247461903, 0, 0, 0, 1, 1, 1, 0, 0, 12, 6, 4, -5]
10 14
[1.0, 1.4142135623730951, 2.0, 2.8284271247461903, 1.0, 15.556349186104045, 1.0, 5.656854249492381, 0, 0, 1, 1, 1, 0, 1, 0, 12, 6, 3, -4]
11 15
[3.0, 1.4142135623730951, 1.0, 1.4142135623730951, 1.0, 1.4142135623730951, 4.0, 4.242640687119285, 0, 0, 0, 1, 1, 1, 1, 0, 12, 6, 4, -5]
11 14
[1.0, 1.4142135623730951, 1.0, 1.4142135623730951, 6.0, 1.4142135623730951, 1.0, 5.656854249492381, 0, 0, 1, 1, 1, 1, 1, 0, 12, 6, 3, -4]
12 15
[3.0, 2.8284271247461903, 1.0, 1.4142135623730951, 1.0, 4.242640687119285, 2.0, 4.242640687119285, 0, 0, 0, 1, 1, 1, 1, 0, 12, 6, 4, -5]
11 16
[2.0, 1.4142135623730951, 1.0, 1.4142135623730951, 1.0, 5.656854249492381, 5.0, 2.8284271247461903, 0, 0, 0, 0, 0, 1, 0, 0, 12, 6, 4, -5]
12 16
[2.0, 2.8284271247461903, 1.0, 1.4142135623730951, 2.0, 1.4142135623730951, 4.0, 2.8284271247461903, 0, 0, 0, 0, 1, 1, 0, 0, 12, 6, 4, -5]
11 17
[1.0, 1.4142135623730951, 1.0, 1.4142135623730951, 1.0, 2.8284271247461903, 5.0, 1.4142135623730951, 0, 0, 0, 0, 0, 1, 0, 0, 12, 6, 4, -5]
10 16
[1.0, 1.4142135623730951, 1.0, 1.4142135623730951, 1.0, 1.4142135623730951, 1.0, 2.8284271247461903, 0, 0, 0, 0, 0, 0, 0, 0, 12, 6, 3, -6]
12 17
[1.0, 1.4142135623730951, 1.0, 1.4142135623730951, 3.0, 1.4142135623730951, 4.0, 1.4142135623730951, 0, 0, 0, 0, 1, 1, 0, 0, 12, 6, 4, -5]
11 18
[1.0, 1.4142135623730951, 1.0, 1.4142135623730951, 1.0, 2.8284271247461903, 1.0, 1.4142135623730951, 0, 0, 0, 0, 0, 1, 0, 0, 12, 6, 3, -6]
10 17
[1.0, 1.4142135623730951, 1.0, 1.4142135623730951, 1.0, 1.4142135623730951, 1.0, 1.4142135623730951, 0, 0, 0, 0, 0, 0, 0, 0, 12, 6, 3, -6]
12 16
[1.0, 1.4142135623730951, 1.0, 1.4142135623730951, 2.0, 1.4142135623730951, 1.0, 1.4142135623730951, 0, 0, 0, 0, 1, 1, 1, 1, 12, 6, 4, -5]
13 17
[1.0, 1.4142135623730951, 1.0, 2.8284271247461903, 1.0, 2.8284271247461903, 3.0, 1.4142135623730951, 0, 0, 0, 0, 1, 1, 0, 0, 12, 6, 3, -4]
12 18
[1.0, 1.4142135623730951, 1.0, 1.4142135623730951, 1.0, 1.4142135623730951, 1.0, 1.4142135623730951, 0, 0, 0, 0, 0, 1, 0, 0, 12, 6, 3, -6]
Winner side: Blue
Details:
  Scores:
    Blue -> 77
    Yellow -> 71
