Loading config from configs\gamecfg11.json
Loading neural network from nn\nn_11.pkl
Starting client
Connecting to host 'localhost' port 8011
Connected successfully
joined the game successfully
Side: Blue
2 1
[19.0, 2.8284271247461903, 1.0, 1.4142135623730951, 1.0, 1.4142135623730951, 19.0, 19.79898987322333, 0, 0, 0, 0, 0, 0, 0, 0, 12, 6, 4, 1]
1 2
[18.0, 1.4142135623730951, 1.0, 1.4142135623730951, 1.0, 2.8284271247461903, 20.0, 9.899494936611665, 0, 0, 0, 0, 0, 0, 0, 0, 12, 6, 4, 1]
2 2
[18.0, 2.8284271247461903, 1.0, 1.4142135623730951, 2.0, 2.8284271247461903, 19.0, 9.899494936611665, 0, 0, 0, 0, 0, 0, 0, 0, 12, 6, 4, 1]
1 3
[17.0, 1.4142135623730951, 1.0, 1.4142135623730951, 1.0, 4.242640687119285, 6.0, 8.48528137423857, 0, 0, 0, 0, 0, 0, 0, 0, 12, 6, 4, 1]
2 3
[17.0, 2.8284271247461903, 1.0, 1.4142135623730951, 3.0, 4.242640687119285, 5.0, 8.48528137423857, 0, 0, 0, 0, 0, 0, 0, 0, 12, 6, 4, 1]
1 4
[16.0, 1.4142135623730951, 1.0, 1.4142135623730951, 1.0, 5.656854249492381, 6.0, 8.48528137423857, 0, 0, 0, 0, 0, 0, 0, 0, 12, 6, 4, 1]
2 4
[16.0, 2.8284271247461903, 1.0, 1.4142135623730951, 4.0, 5.656854249492381, 5.0, 7.0710678118654755, 0, 0, 0, 0, 0, 0, 0, 0, 12, 6, 4, 1]
1 5
[15.0, 1.4142135623730951, 1.0, 1.4142135623730951, 1.0, 7.0710678118654755, 6.0, 8.48528137423857, 0, 0, 0, 0, 0, 0, 0, 0, 12, 6, 4, 1]
2 5
[15.0, 2.8284271247461903, 1.0, 1.4142135623730951, 5.0, 7.0710678118654755, 5.0, 7.0710678118654755, 0, 0, 0, 0, 0, 0, 0, 0, 12, 6, 4, 1]
1 6
[14.0, 1.4142135623730951, 1.0, 1.4142135623730951, 1.0, 8.48528137423857, 20.0, 19.79898987322333, 0, 0, 0, 0, 0, 0, 0, 0, 12, 6, 4, 1]
2 4
[1.0, 1.4142135623730951, 1.0, 1.4142135623730951, 4.0, 5.656854249492381, 5.0, 7.0710678118654755, 0, 0, 0, 0, 0, 0, 0, 0, 12, 6, 4, 1]
3 5
[15.0, 4.242640687119285, 1.0, 2.8284271247461903, 5.0, 7.0710678118654755, 4.0, 5.656854249492381, 0, 0, 0, 0, 0, 0, 0, 0, 12, 6, 4, 1]
2 6
[14.0, 2.8284271247461903, 2.0, 1.4142135623730951, 1.0, 8.48528137423857, 19.0, 7.0710678118654755, 0, 0, 0, 0, 0, 0, 0, 0, 12, 6, 4, 1]
3 4
[1.0, 1.4142135623730951, 2.0, 2.8284271247461903, 4.0, 5.656854249492381, 4.0, 7.0710678118654755, 0, 0, 0, 0, 0, 0, 0, 0, 12, 6, 4, 1]
4 5
[15.0, 5.656854249492381, 1.0, 4.242640687119285, 5.0, 7.0710678118654755, 3.0, 5.656854249492381, 0, 0, 0, 0, 0, 0, 0, 0, 12, 6, 4, 1]
3 6
[14.0, 4.242640687119285, 3.0, 1.4142135623730951, 1.0, 8.48528137423857, 18.0, 5.656854249492381, 0, 0, 0, 0, 0, 0, 0, 0, 12, 6, 4, 1]
4 4
[1.0, 1.4142135623730951, 3.0, 4.242640687119285, 4.0, 5.656854249492381, 3.0, 7.0710678118654755, 0, 0, 0, 0, 0, 0, 0, 0, 12, 6, 4, 1]
5 5
[15.0, 7.0710678118654755, 1.0, 5.656854249492381, 5.0, 2.8284271247461903, 2.0, 5.656854249492381, 0, 0, 0, 0, 0, 0, 0, 0, 12, 6, 4, 1]
4 6
[14.0, 5.656854249492381, 4.0, 1.4142135623730951, 1.0, 4.242640687119285, 17.0, 4.242640687119285, 0, 0, 0, 0, 0, 0, 0, 0, 12, 6, 4, 1]
5 4
[1.0, 1.4142135623730951, 4.0, 5.656854249492381, 4.0, 5.656854249492381, 2.0, 15.556349186104045, 0, 0, 0, 0, 0, 0, 0, 0, 12, 6, 4, 1]
6 5
[15.0, 8.48528137423857, 1.0, 7.0710678118654755, 5.0, 1.4142135623730951, 1.0, 14.142135623730951, 0, 0, 0, 0, 0, 0, 0, 0, 12, 6, 4, 1]
5 6
[14.0, 7.0710678118654755, 5.0, 1.4142135623730951, 1.0, 2.8284271247461903, 16.0, 4.242640687119285, 0, 0, 0, 0, 0, 0, 0, 0, 12, 6, 4, 1]
6 6
[14.0, 8.48528137423857, 1.0, 1.4142135623730951, 6.0, 1.4142135623730951, 15.0, 4.242640687119285, 0, 0, 0, 0, 0, 0, 0, 0, 12, 6, 4, 1]
5 7
[13.0, 7.0710678118654755, 5.0, 2.8284271247461903, 1.0, 2.8284271247461903, 16.0, 2.8284271247461903, 0, 0, 0, 0, 0, 0, 0, 0, 12, 6, 4, 1]
4 6
[14.0, 5.656854249492381, 4.0, 1.4142135623730951, 1.0, 1.4142135623730951, 1.0, 4.242640687119285, 0, 0, 0, 0, 0, 0, 0, 0, 12, 6, 4, 1]
4 5
[1.0, 5.656854249492381, 1.0, 4.242640687119285, 5.0, 7.0710678118654755, 1.0, 1.4142135623730951, 0, 0, 0, 0, 0, 0, 0, 0, 12, 6, 3, 0]
4 7
[13.0, 5.656854249492381, 4.0, 2.8284271247461903, 1.0, 1.4142135623730951, 17.0, 4.242640687119285, 0, 0, 0, 0, 0, 0, 0, 0, 12, 6, 4, 1]
3 6
[14.0, 4.242640687119285, 3.0, 1.4142135623730951, 1.0, 1.4142135623730951, 1.0, 5.656854249492381, 0, 0, 0, 0, 0, 0, 0, 0, 12, 6, 4, 1]
3 5
[1.0, 4.242640687119285, 1.0, 2.8284271247461903, 5.0, 7.0710678118654755, 1.0, 1.4142135623730951, 0, 0, 0, 0, 0, 0, 0, 0, 12, 6, 3, 0]
3 7
[13.0, 4.242640687119285, 3.0, 2.8284271247461903, 1.0, 1.4142135623730951, 18.0, 5.656854249492381, 0, 0, 0, 0, 0, 0, 0, 0, 12, 6, 4, 1]
2 6
[14.0, 2.8284271247461903, 2.0, 1.4142135623730951, 1.0, 1.4142135623730951, 1.0, 7.0710678118654755, 0, 0, 0, 0, 0, 0, 0, 0, 12, 6, 4, 1]
2 5
[1.0, 2.8284271247461903, 1.0, 1.4142135623730951, 5.0, 7.0710678118654755, 1.0, 1.4142135623730951, 0, 0, 0, 0, 0, 0, 0, 0, 12, 6, 3, 0]
2 7
[13.0, 2.8284271247461903, 2.0, 2.8284271247461903, 1.0, 1.4142135623730951, 19.0, 18.384776310850235, 0, 0, 0, 0, 0, 0, 0, 0, 12, 6, 4, 1]
1 6
[14.0, 1.4142135623730951, 1.0, 1.4142135623730951, 1.0, 1.4142135623730951, 1.0, 19.79898987322333, 0, 0, 0, 0, 0, 0, 0, 0, 12, 6, 4, 1]
1 5
[1.0, 1.4142135623730951, 1.0, 1.4142135623730951, 1.0, 7.0710678118654755, 1.0, 1.4142135623730951, 0, 0, 0, 0, 0, 0, 0, 0, 12, 6, 3, 0]
1 7
[13.0, 1.4142135623730951, 1.0, 1.4142135623730951, 1.0, 1.4142135623730951, 20.0, 11.313708498984761, 0, 0, 0, 0, 0, 0, 0, 0, 12, 6, 4, 1]
1 4
[1.0, 1.4142135623730951, 1.0, 1.4142135623730951, 1.0, 5.656854249492381, 6.0, 1.4142135623730951, 0, 0, 0, 0, 0, 0, 0, 0, 11, 6, 3, -1]
2 5
[1.0, 1.4142135623730951, 1.0, 1.4142135623730951, 5.0, 7.0710678118654755, 1.0, 1.4142135623730951, 0, 0, 0, 0, 0, 0, 0, 0, 11, 6, 3, -1]
1 3
[1.0, 1.4142135623730951, 1.0, 1.4142135623730951, 1.0, 4.242640687119285, 6.0, 2.8284271247461903, 0, 0, 0, 0, 0, 0, 0, 0, 10, 5, 3, -2]
2 4
[1.0, 1.4142135623730951, 1.0, 1.4142135623730951, 4.0, 5.656854249492381, 5.0, 1.4142135623730951, 0, 0, 0, 0, 0, 0, 0, 0, 10, 5, 4, -1]
1 2
[1.0, 1.4142135623730951, 1.0, 1.4142135623730951, 1.0, 2.8284271247461903, 20.0, 4.242640687119285, 0, 0, 0, 0, 0, 0, 0, 0, 9, 4, 3, -3]
2 3
[2.0, 1.4142135623730951, 1.0, 1.4142135623730951, 3.0, 4.242640687119285, 5.0, 2.8284271247461903, 0, 0, 0, 0, 0, 0, 0, 0, 9, 4, 4, -2]
1 1
[1.0, 1.4142135623730951, 1.0, 1.4142135623730951, 1.0, 1.4142135623730951, 20.0, 5.656854249492381, 0, 0, 0, 0, 0, 0, 0, 0, 8, 3, 3, -3]
2 2
[3.0, 1.4142135623730951, 1.0, 1.4142135623730951, 2.0, 2.8284271247461903, 19.0, 4.242640687119285, 0, 0, 0, 0, 0, 0, 0, 0, 8, 3, 4, -2]
2 1
[4.0, 1.4142135623730951, 1.0, 1.4142135623730951, 1.0, 1.4142135623730951, 19.0, 19.79898987322333, 0, 0, 0, 0, 0, 0, 0, 0, 7, 2, 4, -2]
3 1
[4.0, 2.8284271247461903, 1.0, 1.4142135623730951, 1.0, 1.4142135623730951, 18.0, 5.656854249492381, 0, 0, 0, 0, 0, 0, 0, 0, 6, 1, 4, -2]
2 2
[3.0, 1.4142135623730951, 1.0, 1.4142135623730951, 1.0, 2.8284271247461903, 19.0, 4.242640687119285, 0, 0, 0, 0, 0, 0, 0, 0, 6, 1, 4, -2]
4 1
[4.0, 4.242640687119285, 1.0, 1.4142135623730951, 1.0, 1.4142135623730951, 17.0, 4.242640687119285, 0, 0, 0, 0, 0, 0, 0, 0, 12, 6, 4, -1]
3 2
[3.0, 2.8284271247461903, 2.0, 1.4142135623730951, 1.0, 2.8284271247461903, 18.0, 18.384776310850235, 0, 0, 0, 0, 0, 0, 0, 0, 12, 6, 4, -1]
5 1
[4.0, 5.656854249492381, 1.0, 1.4142135623730951, 1.0, 1.4142135623730951, 16.0, 2.8284271247461903, 0, 0, 0, 0, 0, 0, 0, 0, 12, 6, 4, 0]
4 2
[3.0, 4.242640687119285, 3.0, 1.4142135623730951, 1.0, 2.8284271247461903, 17.0, 4.242640687119285, 0, 0, 0, 0, 0, 0, 0, 0, 12, 6, 4, 0]
6 1
[19.0, 5.656854249492381, 1.0, 1.4142135623730951, 1.0, 1.4142135623730951, 15.0, 2.8284271247461903, 0, 0, 0, 0, 0, 0, 0, 0, 12, 6, 4, 0]
5 2
[3.0, 4.242640687119285, 4.0, 1.4142135623730951, 1.0, 2.8284271247461903, 16.0, 2.8284271247461903, 0, 0, 0, 0, 0, 0, 0, 0, 12, 6, 4, 0]
7 1
[2.0, 5.656854249492381, 1.0, 1.4142135623730951, 1.0, 1.4142135623730951, 14.0, 2.8284271247461903, 0, 0, 0, 0, 0, 0, 0, 0, 12, 6, 4, 1]
6 2
[18.0, 4.242640687119285, 5.0, 1.4142135623730951, 1.0, 2.8284271247461903, 15.0, 1.4142135623730951, 0, 0, 0, 0, 0, 0, 0, 0, 12, 6, 4, 1]
7 2
[1.0, 4.242640687119285, 1.0, 1.4142135623730951, 2.0, 2.8284271247461903, 14.0, 1.4142135623730951, 0, 0, 0, 0, 0, 0, 0, 0, 12, 6, 4, 2]
6 3
[17.0, 2.8284271247461903, 5.0, 2.8284271247461903, 1.0, 4.242640687119285, 1.0, 1.4142135623730951, 0, 0, 0, 0, 0, 0, 0, 0, 12, 6, 4, 2]
5 2
[3.0, 4.242640687119285, 4.0, 1.4142135623730951, 1.0, 1.4142135623730951, 1.0, 2.8284271247461903, 0, 0, 0, 0, 0, 0, 0, 0, 12, 6, 4, 2]
6 4
[16.0, 1.4142135623730951, 5.0, 4.242640687119285, 1.0, 1.4142135623730951, 1.0, 1.4142135623730951, 0, 0, 0, 0, 0, 0, 0, 0, 12, 6, 4, 3]
5 3
[2.0, 2.8284271247461903, 4.0, 2.8284271247461903, 2.0, 1.4142135623730951, 1.0, 2.8284271247461903, 0, 0, 0, 0, 0, 0, 0, 0, 12, 6, 4, 3]
6 5
[15.0, 1.4142135623730951, 1.0, 5.656854249492381, 1.0, 1.4142135623730951, 1.0, 14.142135623730951, 0, 0, 0, 0, 0, 0, 0, 0, 12, 6, 4, 43]
5 4
[1.0, 1.4142135623730951, 4.0, 4.242640687119285, 3.0, 1.4142135623730951, 1.0, 15.556349186104045, 0, 0, 0, 0, 0, 0, 0, 0, 12, 6, 4, 43]
Winner side: Blue
Details:
  Scores:
    Blue -> 21
    Yellow -> -21
