Loading config from configs\gamecfg353.json
Loading neural network from nn\nn_353.pkl
Starting client
Connecting to host 'localhost' port 8153
Connected successfully
joined the game successfully
Side: Yellow
33 18
[1.0, 2.8284271247461903, 33.0, 9.899494936611665, 18.0, 1.4142135623730951, 1.0, 1.4142135623730951, 0, 0, 0, 0, 0, 0, 0, 0, 12, 6, 4, 1]
32 19
[1.0, 1.4142135623730951, 32.0, 19.79898987322333, 19.0, 1.4142135623730951, 1.0, 1.4142135623730951, 0, 0, 0, 0, 0, 0, 0, 0, 12, 6, 4, 1]
33 17
[1.0, 4.242640687119285, 6.0, 8.48528137423857, 17.0, 1.4142135623730951, 1.0, 1.4142135623730951, 0, 0, 0, 0, 0, 0, 0, 0, 12, 6, 4, 1]
32 18
[2.0, 2.8284271247461903, 32.0, 9.899494936611665, 18.0, 1.4142135623730951, 1.0, 1.4142135623730951, 0, 0, 0, 0, 0, 0, 0, 0, 12, 6, 4, 1]
33 16
[1.0, 5.656854249492381, 6.0, 8.48528137423857, 16.0, 1.4142135623730951, 1.0, 1.4142135623730951, 0, 0, 0, 0, 0, 0, 0, 0, 12, 6, 4, 1]
32 17
[3.0, 4.242640687119285, 5.0, 8.48528137423857, 17.0, 1.4142135623730951, 1.0, 1.4142135623730951, 0, 0, 0, 0, 0, 0, 0, 0, 12, 6, 4, 1]
33 15
[1.0, 7.0710678118654755, 6.0, 8.48528137423857, 15.0, 1.4142135623730951, 1.0, 1.4142135623730951, 0, 0, 0, 0, 0, 0, 0, 0, 12, 6, 4, 1]
32 16
[4.0, 5.656854249492381, 5.0, 7.0710678118654755, 16.0, 1.4142135623730951, 1.0, 1.4142135623730951, 0, 0, 0, 0, 0, 0, 0, 0, 12, 6, 4, 1]
33 14
[1.0, 8.48528137423857, 33.0, 19.79898987322333, 14.0, 1.4142135623730951, 1.0, 1.4142135623730951, 0, 0, 0, 0, 0, 0, 0, 0, 12, 6, 4, 1]
32 15
[5.0, 7.0710678118654755, 5.0, 7.0710678118654755, 15.0, 1.4142135623730951, 1.0, 1.4142135623730951, 0, 0, 0, 0, 0, 0, 0, 0, 12, 6, 4, 1]
33 13
[1.0, 9.899494936611665, 33.0, 11.313708498984761, 13.0, 1.4142135623730951, 1.0, 1.4142135623730951, 0, 0, 0, 0, 0, 0, 0, 0, 12, 6, 4, 1]
32 14
[6.0, 8.48528137423857, 32.0, 7.0710678118654755, 14.0, 1.4142135623730951, 1.0, 1.4142135623730951, 0, 0, 0, 0, 0, 0, 0, 0, 12, 6, 4, 1]
33 12
[1.0, 11.313708498984761, 33.0, 9.899494936611665, 12.0, 1.4142135623730951, 1.0, 1.4142135623730951, 0, 0, 0, 0, 0, 0, 0, 0, 12, 6, 4, 1]
32 13
[7.0, 9.899494936611665, 32.0, 18.384776310850235, 13.0, 1.4142135623730951, 1.0, 1.4142135623730951, 0, 0, 0, 0, 0, 0, 0, 0, 12, 6, 4, 1]
33 11
[1.0, 8.48528137423857, 6.0, 8.48528137423857, 11.0, 1.4142135623730951, 1.0, 1.4142135623730951, 0, 0, 0, 0, 0, 0, 0, 0, 12, 6, 4, 1]
32 12
[8.0, 7.0710678118654755, 32.0, 9.899494936611665, 12.0, 1.4142135623730951, 1.0, 1.4142135623730951, 0, 0, 0, 0, 0, 0, 0, 0, 12, 6, 4, 1]
33 10
[1.0, 8.48528137423857, 6.0, 8.48528137423857, 10.0, 1.4142135623730951, 1.0, 1.4142135623730951, 0, 0, 0, 0, 0, 0, 0, 0, 12, 6, 4, 1]
32 11
[9.0, 7.0710678118654755, 5.0, 8.48528137423857, 11.0, 1.4142135623730951, 1.0, 1.4142135623730951, 0, 0, 0, 0, 0, 0, 0, 0, 12, 6, 4, 1]
32 10
[1.0, 7.0710678118654755, 5.0, 7.0710678118654755, 10.0, 1.4142135623730951, 1.0, 1.4142135623730951, 0, 0, 0, 0, 0, 0, 0, 0, 12, 6, 4, 1]
32 12
[8.0, 7.0710678118654755, 32.0, 9.899494936611665, 1.0, 1.4142135623730951, 1.0, 1.4142135623730951, 0, 0, 0, 0, 0, 0, 0, 0, 12, 6, 4, 1]
31 11
[9.0, 5.656854249492381, 4.0, 8.48528137423857, 11.0, 1.4142135623730951, 1.0, 1.4142135623730951, 0, 0, 0, 0, 0, 0, 0, 0, 12, 6, 4, 1]
31 10
[1.0, 7.0710678118654755, 4.0, 7.0710678118654755, 10.0, 1.4142135623730951, 1.0, 1.4142135623730951, 0, 0, 0, 0, 0, 0, 0, 0, 12, 6, 4, 1]
31 12
[8.0, 5.656854249492381, 31.0, 16.97056274847714, 1.0, 1.4142135623730951, 1.0, 1.4142135623730951, 0, 0, 0, 0, 0, 0, 0, 0, 12, 6, 4, 1]
30 11
[9.0, 5.656854249492381, 3.0, 15.556349186104045, 11.0, 1.4142135623730951, 1.0, 1.4142135623730951, 0, 0, 0, 0, 0, 0, 0, 0, 12, 6, 4, 1]
30 10
[1.0, 7.0710678118654755, 3.0, 7.0710678118654755, 10.0, 1.4142135623730951, 1.0, 1.4142135623730951, 0, 0, 0, 0, 0, 0, 0, 0, 12, 6, 4, 1]
30 12
[8.0, 4.242640687119285, 30.0, 4.242640687119285, 1.0, 1.4142135623730951, 1.0, 1.4142135623730951, 0, 0, 0, 0, 0, 0, 0, 0, 12, 6, 4, 1]
29 11
[9.0, 5.656854249492381, 2.0, 2.8284271247461903, 11.0, 1.4142135623730951, 1.0, 1.4142135623730951, 0, 0, 0, 0, 0, 0, 0, 0, 12, 6, 4, 1]
29 10
[1.0, 14.142135623730951, 2.0, 14.142135623730951, 10.0, 1.4142135623730951, 1.0, 1.4142135623730951, 0, 0, 0, 0, 0, 0, 0, 0, 12, 6, 4, 1]
29 12
[8.0, 4.242640687119285, 29.0, 2.8284271247461903, 1.0, 1.4142135623730951, 1.0, 1.4142135623730951, 0, 0, 0, 0, 0, 0, 0, 0, 12, 6, 4, 1]
28 11
[9.0, 12.727922061357855, 1.0, 1.4142135623730951, 11.0, 1.4142135623730951, 1.0, 1.4142135623730951, 0, 0, 0, 0, 0, 0, 0, 0, 12, 6, 4, 1]
28 10
[1.0, 1.4142135623730951, 1.0, 1.4142135623730951, 10.0, 1.4142135623730951, 1.0, 1.4142135623730951, 0, 0, 0, 0, 0, 0, 0, 0, 12, 6, 4, 1]
28 12
[8.0, 4.242640687119285, 28.0, 1.4142135623730951, 1.0, 1.4142135623730951, 1.0, 1.4142135623730951, 0, 0, 0, 0, 0, 0, 0, 0, 12, 6, 4, 1]
28 9
[1.0, 1.4142135623730951, 1.0, 12.727922061357855, 9.0, 1.4142135623730951, 1.0, 1.4142135623730951, 0, 0, 0, 0, 0, 0, 0, 0, 12, 6, 4, 1]
29 10
[1.0, 1.4142135623730951, 1.0, 14.142135623730951, 10.0, 1.4142135623730951, 1.0, 1.4142135623730951, 0, 0, 0, 0, 0, 0, 0, 0, 12, 6, 4, 1]
28 8
[1.0, 1.4142135623730951, 28.0, 4.242640687119285, 8.0, 1.4142135623730951, 1.0, 1.4142135623730951, 0, 0, 0, 0, 0, 0, 0, 0, 12, 6, 4, 1]
29 9
[2.0, 1.4142135623730951, 1.0, 5.656854249492381, 9.0, 1.4142135623730951, 1.0, 1.4142135623730951, 0, 0, 0, 0, 0, 0, 0, 0, 12, 6, 4, 1]
29 8
[1.0, 1.4142135623730951, 29.0, 4.242640687119285, 8.0, 1.4142135623730951, 1.0, 1.4142135623730951, 0, 0, 0, 0, 0, 0, 0, 0, 12, 6, 4, 1]
30 9
[2.0, 2.8284271247461903, 1.0, 5.656854249492381, 9.0, 1.4142135623730951, 1.0, 1.4142135623730951, 0, 0, 0, 0, 0, 0, 0, 0, 12, 6, 4, 1]
29 10
[1.0, 1.4142135623730951, 1.0, 1.4142135623730951, 1.0, 1.4142135623730951, 1.0, 1.4142135623730951, 0, 0, 0, 0, 0, 0, 0, 0, 12, 6, 4, 1]
30 10
[1.0, 1.4142135623730951, 1.0, 1.4142135623730951, 10.0, 1.4142135623730951, 1.0, 1.4142135623730951, 0, 0, 0, 0, 0, 0, 0, 0, 12, 6, 4, 1]
29 11
[9.0, 5.656854249492381, 1.0, 1.4142135623730951, 1.0, 1.4142135623730951, 1.0, 1.4142135623730951, 0, 0, 0, 0, 0, 0, 0, 0, 12, 6, 3, 0]
28 10
[1.0, 1.4142135623730951, 1.0, 1.4142135623730951, 1.0, 1.4142135623730951, 1.0, 1.4142135623730951, 0, 0, 0, 0, 0, 0, 0, 0, 12, 6, 3, 0]
30 11
[9.0, 5.656854249492381, 1.0, 1.4142135623730951, 11.0, 1.4142135623730951, 1.0, 1.4142135623730951, 0, 0, 0, 0, 0, 0, 0, 0, 11, 6, 3, -1]
29 12
[8.0, 4.242640687119285, 29.0, 1.4142135623730951, 1.0, 1.4142135623730951, 1.0, 1.4142135623730951, 0, 0, 0, 0, 0, 0, 0, 0, 11, 6, 4, 0]
28 11
[9.0, 12.727922061357855, 1.0, 1.4142135623730951, 1.0, 1.4142135623730951, 1.0, 1.4142135623730951, 0, 0, 0, 0, 0, 0, 0, 0, 11, 6, 3, -1]
28 10
[1.0, 1.4142135623730951, 1.0, 1.4142135623730951, 1.0, 1.4142135623730951, 1.0, 1.4142135623730951, 0, 0, 0, 0, 0, 0, 0, 0, 10, 5, 3, -2]
28 12
[8.0, 4.242640687119285, 28.0, 1.4142135623730951, 1.0, 1.4142135623730951, 1.0, 1.4142135623730951, 0, 0, 0, 0, 0, 0, 0, 0, 10, 5, 4, -1]
28 9
[1.0, 1.4142135623730951, 1.0, 11.313708498984761, 9.0, 1.4142135623730951, 1.0, 1.4142135623730951, 0, 0, 0, 1, 0, 0, 0, 0, 9, 4, 3, -3]
29 10
[1.0, 1.4142135623730951, 1.0, 1.4142135623730951, 1.0, 1.4142135623730951, 1.0, 1.4142135623730951, 0, 0, 0, 0, 0, 0, 0, 0, 9, 4, 3, -3]
29 9
[1.0, 1.4142135623730951, 1.0, 5.656854249492381, 9.0, 1.4142135623730951, 1.0, 1.4142135623730951, 0, 0, 0, 0, 0, 0, 0, 0, 8, 3, 3, -4]
30 10
[1.0, 1.4142135623730951, 1.0, 1.4142135623730951, 10.0, 1.4142135623730951, 1.0, 1.4142135623730951, 0, 0, 0, 0, 0, 0, 0, 0, 8, 3, 4, -3]
29 11
[9.0, 5.656854249492381, 1.0, 1.4142135623730951, 1.0, 1.4142135623730951, 1.0, 1.4142135623730951, 0, 0, 0, 0, 0, 0, 0, 0, 8, 3, 3, -4]
30 11
[9.0, 5.656854249492381, 1.0, 1.4142135623730951, 11.0, 1.4142135623730951, 1.0, 1.4142135623730951, 0, 0, 0, 0, 0, 0, 0, 0, 7, 2, 3, -5]
29 12
[8.0, 4.242640687119285, 29.0, 1.4142135623730951, 1.0, 1.4142135623730951, 1.0, 1.4142135623730951, 0, 0, 0, 0, 0, 0, 0, 0, 7, 2, 4, -4]
28 11
[9.0, 12.727922061357855, 1.0, 1.4142135623730951, 1.0, 1.4142135623730951, 1.0, 1.4142135623730951, 0, 0, 0, 0, 0, 0, 0, 0, 7, 2, 3, -5]
28 10
[1.0, 1.4142135623730951, 1.0, 1.4142135623730951, 1.0, 1.4142135623730951, 1.0, 1.4142135623730951, 0, 0, 0, 0, 0, 0, 0, 0, 6, 1, 3, -6]
28 12
[8.0, 4.242640687119285, 28.0, 1.4142135623730951, 1.0, 1.4142135623730951, 1.0, 1.4142135623730951, 0, 0, 0, 0, 0, 0, 0, 0, 6, 1, 4, -5]
28 9
[1.0, 1.4142135623730951, 1.0, 11.313708498984761, 9.0, 1.4142135623730951, 1.0, 1.4142135623730951, 0, 0, 0, 1, 0, 0, 0, 0, 12, 6, 2, -7]
29 10
[1.0, 1.4142135623730951, 1.0, 1.4142135623730951, 1.0, 1.4142135623730951, 1.0, 1.4142135623730951, 0, 0, 0, 0, 0, 0, 0, 0, 12, 6, 2, -7]
29 9
[1.0, 1.4142135623730951, 1.0, 5.656854249492381, 9.0, 1.4142135623730951, 1.0, 1.4142135623730951, 0, 0, 0, 0, 0, 0, 0, 0, 12, 6, 1, -8]
30 10
[1.0, 1.4142135623730951, 1.0, 1.4142135623730951, 10.0, 1.4142135623730951, 1.0, 1.4142135623730951, 0, 0, 0, 0, 0, 0, 0, 0, 12, 6, 2, -7]
29 11
[9.0, 5.656854249492381, 1.0, 1.4142135623730951, 1.0, 1.4142135623730951, 1.0, 1.4142135623730951, 0, 0, 0, 0, 0, 0, 0, 0, 12, 6, 1, -8]
30 11
[9.0, 5.656854249492381, 1.0, 1.4142135623730951, 11.0, 1.4142135623730951, 1.0, 1.4142135623730951, 0, 0, 0, 0, 0, 0, 0, 0, 12, 6, 1, -49]
29 12
[8.0, 4.242640687119285, 29.0, 1.4142135623730951, 1.0, 1.4142135623730951, 1.0, 1.4142135623730951, 0, 0, 0, 0, 0, 0, 0, 0, 12, 6, 1, -8]
28 11
[9.0, 12.727922061357855, 1.0, 1.4142135623730951, 1.0, 1.4142135623730951, 1.0, 1.4142135623730951, 0, 0, 0, 0, 0, 0, 0, 0, 12, 6, 1, -49]
28 10
[1.0, 1.4142135623730951, 1.0, 1.4142135623730951, 1.0, 1.4142135623730951, 1.0, 1.4142135623730951, 0, 0, 0, 0, 0, 0, 0, 0, 12, 6, 0, -89]
28 12
[8.0, 4.242640687119285, 28.0, 1.4142135623730951, 1.0, 1.4142135623730951, 1.0, 1.4142135623730951, 0, 0, 0, 0, 0, 0, 0, 0, 12, 6, 0, -48]
Winner side: Blue
Details:
  Scores:
    Blue -> 27
    Yellow -> -22
