Loading config from configs\gamecfg364.json
Loading neural network from nn\nn_364.pkl
Starting client
Connecting to host 'localhost' port 8164
Connected successfully
joined the game successfully
Side: Yellow
33 18
[1.0, 2.8284271247461903, 33.0, 9.899494936611665, 18.0, 1.4142135623730951, 1.0, 1.4142135623730951, 0, 0, 0, 0, 0, 0, 0, 0, 12, 6, 4, 1]
32 19
[1.0, 1.4142135623730951, 32.0, 19.79898987322333, 19.0, 1.4142135623730951, 1.0, 1.4142135623730951, 0, 0, 0, 0, 0, 0, 0, 0, 12, 6, 4, 1]
32 18
[1.0, 2.8284271247461903, 32.0, 9.899494936611665, 18.0, 1.4142135623730951, 1.0, 1.4142135623730951, 0, 0, 0, 0, 0, 0, 0, 0, 12, 6, 4, 1]
31 19
[1.0, 1.4142135623730951, 31.0, 5.656854249492381, 19.0, 1.4142135623730951, 1.0, 1.4142135623730951, 0, 0, 0, 0, 0, 0, 0, 0, 12, 6, 4, 1]
31 18
[1.0, 2.8284271247461903, 31.0, 18.384776310850235, 18.0, 1.4142135623730951, 1.0, 1.4142135623730951, 0, 0, 0, 0, 0, 0, 0, 0, 12, 6, 4, 1]
30 19
[1.0, 1.4142135623730951, 30.0, 4.242640687119285, 19.0, 1.4142135623730951, 1.0, 1.4142135623730951, 0, 0, 0, 0, 0, 0, 0, 0, 12, 6, 4, 1]
31 17
[1.0, 4.242640687119285, 4.0, 8.48528137423857, 17.0, 1.4142135623730951, 1.0, 1.4142135623730951, 0, 0, 0, 0, 0, 0, 0, 0, 12, 6, 4, 1]
32 18
[1.0, 1.4142135623730951, 1.0, 9.899494936611665, 18.0, 1.4142135623730951, 1.0, 1.4142135623730951, 0, 0, 0, 0, 0, 0, 0, 0, 12, 6, 4, 1]
30 18
[2.0, 2.8284271247461903, 30.0, 4.242640687119285, 18.0, 1.4142135623730951, 1.0, 1.4142135623730951, 0, 0, 0, 0, 0, 0, 0, 0, 12, 6, 4, 1]
30 17
[1.0, 4.242640687119285, 3.0, 16.97056274847714, 17.0, 1.4142135623730951, 1.0, 1.4142135623730951, 0, 0, 0, 0, 0, 0, 0, 0, 12, 6, 4, 1]
30 19
[1.0, 1.4142135623730951, 30.0, 4.242640687119285, 1.0, 1.4142135623730951, 1.0, 1.4142135623730951, 0, 0, 0, 0, 0, 0, 0, 0, 12, 6, 4, 1]
29 18
[2.0, 2.8284271247461903, 29.0, 2.8284271247461903, 18.0, 1.4142135623730951, 1.0, 1.4142135623730951, 0, 0, 0, 0, 0, 0, 0, 0, 12, 6, 4, 1]
29 17
[1.0, 4.242640687119285, 2.0, 2.8284271247461903, 17.0, 1.4142135623730951, 1.0, 1.4142135623730951, 0, 0, 0, 0, 0, 0, 0, 0, 12, 6, 4, 1]
29 19
[1.0, 1.4142135623730951, 29.0, 2.8284271247461903, 1.0, 1.4142135623730951, 1.0, 1.4142135623730951, 0, 0, 0, 0, 0, 0, 0, 0, 12, 6, 4, 1]
28 18
[2.0, 2.8284271247461903, 28.0, 1.4142135623730951, 18.0, 1.4142135623730951, 1.0, 1.4142135623730951, 0, 0, 0, 0, 0, 0, 0, 0, 12, 6, 4, 1]
28 17
[1.0, 4.242640687119285, 1.0, 1.4142135623730951, 17.0, 1.4142135623730951, 1.0, 1.4142135623730951, 0, 0, 0, 0, 0, 0, 0, 0, 12, 6, 4, 1]
28 19
[1.0, 1.4142135623730951, 28.0, 2.8284271247461903, 1.0, 1.4142135623730951, 1.0, 1.4142135623730951, 0, 0, 0, 0, 0, 0, 0, 0, 12, 6, 4, 1]
27 18
[2.0, 2.8284271247461903, 27.0, 1.4142135623730951, 1.0, 1.4142135623730951, 1.0, 1.4142135623730951, 0, 0, 0, 0, 0, 0, 0, 0, 12, 6, 4, 1]
28 16
[1.0, 1.4142135623730951, 1.0, 1.4142135623730951, 16.0, 1.4142135623730951, 1.0, 1.4142135623730951, 0, 0, 0, 0, 0, 0, 0, 0, 12, 6, 4, 1]
29 17
[1.0, 1.4142135623730951, 1.0, 2.8284271247461903, 17.0, 1.4142135623730951, 1.0, 1.4142135623730951, 0, 0, 0, 0, 0, 0, 0, 0, 12, 6, 4, 1]
29 16
[1.0, 1.4142135623730951, 2.0, 15.556349186104045, 16.0, 1.4142135623730951, 1.0, 1.4142135623730951, 0, 0, 0, 0, 0, 0, 0, 0, 12, 6, 4, 1]
30 17
[1.0, 1.4142135623730951, 1.0, 16.97056274847714, 17.0, 1.4142135623730951, 1.0, 1.4142135623730951, 0, 0, 0, 0, 0, 0, 0, 0, 12, 6, 4, 1]
29 18
[2.0, 2.8284271247461903, 1.0, 1.4142135623730951, 1.0, 1.4142135623730951, 1.0, 1.4142135623730951, 0, 0, 0, 0, 0, 0, 0, 0, 12, 6, 3, 0]
30 16
[1.0, 1.4142135623730951, 3.0, 7.0710678118654755, 16.0, 1.4142135623730951, 1.0, 1.4142135623730951, 0, 0, 0, 0, 0, 0, 0, 0, 12, 6, 4, 1]
31 17
[1.0, 1.4142135623730951, 1.0, 8.48528137423857, 17.0, 1.4142135623730951, 1.0, 1.4142135623730951, 0, 0, 0, 0, 0, 0, 0, 0, 12, 6, 4, 1]
30 18
[2.0, 2.8284271247461903, 1.0, 1.4142135623730951, 1.0, 1.4142135623730951, 1.0, 1.4142135623730951, 0, 0, 0, 0, 0, 0, 0, 0, 12, 6, 3, 0]
30 15
[1.0, 2.8284271247461903, 3.0, 5.656854249492381, 15.0, 1.4142135623730951, 1.0, 1.4142135623730951, 0, 0, 0, 0, 0, 0, 0, 0, 12, 6, 4, 1]
31 16
[2.0, 1.4142135623730951, 1.0, 7.0710678118654755, 16.0, 1.4142135623730951, 1.0, 1.4142135623730951, 0, 0, 0, 0, 0, 0, 0, 0, 12, 6, 4, 1]
29 16
[1.0, 1.4142135623730951, 2.0, 15.556349186104045, 16.0, 1.4142135623730951, 1.0, 1.4142135623730951, 0, 0, 0, 0, 0, 0, 0, 0, 12, 6, 4, 1]
29 15
[1.0, 2.8284271247461903, 2.0, 5.656854249492381, 15.0, 1.4142135623730951, 1.0, 1.4142135623730951, 0, 0, 0, 0, 0, 0, 0, 0, 12, 6, 4, 1]
29 17
[1.0, 1.4142135623730951, 1.0, 2.8284271247461903, 1.0, 1.4142135623730951, 1.0, 1.4142135623730951, 0, 0, 0, 0, 0, 0, 0, 0, 12, 6, 3, 0]
28 16
[1.0, 1.4142135623730951, 1.0, 1.4142135623730951, 16.0, 1.4142135623730951, 1.0, 1.4142135623730951, 0, 0, 0, 0, 0, 0, 0, 0, 12, 6, 4, 1]
28 15
[1.0, 1.4142135623730951, 1.0, 14.142135623730951, 15.0, 1.4142135623730951, 1.0, 1.4142135623730951, 0, 0, 0, 0, 0, 0, 0, 0, 12, 6, 4, 1]
28 17
[1.0, 4.242640687119285, 1.0, 1.4142135623730951, 1.0, 1.4142135623730951, 1.0, 1.4142135623730951, 0, 0, 0, 0, 0, 0, 0, 0, 12, 6, 3, 0]
28 14
[1.0, 1.4142135623730951, 28.0, 4.242640687119285, 14.0, 1.4142135623730951, 1.0, 1.4142135623730951, 0, 0, 0, 0, 0, 0, 0, 0, 12, 6, 4, 1]
29 15
[1.0, 1.4142135623730951, 1.0, 5.656854249492381, 15.0, 1.4142135623730951, 1.0, 1.4142135623730951, 0, 0, 0, 0, 0, 0, 0, 0, 12, 6, 4, 1]
28 13
[1.0, 2.8284271247461903, 28.0, 2.8284271247461903, 13.0, 1.4142135623730951, 1.0, 1.4142135623730951, 0, 0, 0, 0, 0, 0, 0, 0, 12, 6, 4, 1]
29 14
[2.0, 1.4142135623730951, 1.0, 4.242640687119285, 14.0, 1.4142135623730951, 1.0, 1.4142135623730951, 0, 0, 0, 0, 0, 0, 0, 0, 12, 6, 4, 1]
27 14
[1.0, 1.4142135623730951, 27.0, 12.727922061357855, 3.0, 1.4142135623730951, 1.0, 1.4142135623730951, 0, 0, 0, 0, 0, 0, 0, 0, 12, 6, 4, 1]
28 12
[1.0, 4.242640687119285, 28.0, 1.4142135623730951, 12.0, 1.4142135623730951, 1.0, 1.4142135623730951, 0, 0, 0, 0, 0, 0, 0, 0, 12, 6, 4, 1]
29 13
[3.0, 1.4142135623730951, 1.0, 2.8284271247461903, 13.0, 1.4142135623730951, 1.0, 1.4142135623730951, 0, 0, 0, 0, 0, 0, 0, 0, 12, 6, 4, 1]
27 13
[2.0, 2.8284271247461903, 27.0, 2.8284271247461903, 2.0, 1.4142135623730951, 1.0, 1.4142135623730951, 0, 0, 0, 0, 0, 0, 0, 0, 12, 6, 4, 1]
28 11
[1.0, 12.727922061357855, 1.0, 1.4142135623730951, 11.0, 1.4142135623730951, 1.0, 1.4142135623730951, 0, 0, 0, 0, 0, 0, 0, 0, 12, 6, 4, 1]
29 12
[4.0, 1.4142135623730951, 1.0, 2.8284271247461903, 12.0, 1.4142135623730951, 1.0, 1.4142135623730951, 0, 0, 0, 0, 0, 0, 0, 0, 12, 6, 4, 1]
27 12
[3.0, 11.313708498984761, 27.0, 1.4142135623730951, 1.0, 1.4142135623730951, 1.0, 1.4142135623730951, 0, 0, 0, 0, 0, 0, 0, 0, 12, 6, 4, 1]
28 10
[1.0, 1.4142135623730951, 1.0, 1.4142135623730951, 10.0, 1.4142135623730951, 1.0, 1.4142135623730951, 0, 0, 0, 0, 0, 0, 0, 0, 12, 6, 4, 1]
29 11
[5.0, 1.4142135623730951, 1.0, 2.8284271247461903, 11.0, 1.4142135623730951, 1.0, 1.4142135623730951, 0, 0, 0, 0, 0, 0, 0, 0, 12, 6, 4, 1]
29 10
[1.0, 1.4142135623730951, 2.0, 14.142135623730951, 10.0, 1.4142135623730951, 1.0, 1.4142135623730951, 0, 0, 0, 0, 0, 0, 0, 0, 12, 6, 4, 1]
30 11
[5.0, 2.8284271247461903, 1.0, 15.556349186104045, 11.0, 1.4142135623730951, 1.0, 1.4142135623730951, 0, 0, 0, 0, 0, 0, 0, 0, 12, 6, 4, 1]
29 12
[4.0, 1.4142135623730951, 1.0, 1.4142135623730951, 1.0, 1.4142135623730951, 1.0, 1.4142135623730951, 0, 0, 0, 0, 0, 0, 0, 0, 12, 6, 4, 1]
30 10
[1.0, 1.4142135623730951, 3.0, 7.0710678118654755, 10.0, 1.4142135623730951, 1.0, 1.4142135623730951, 0, 0, 0, 0, 0, 0, 0, 0, 12, 6, 4, 1]
31 11
[7.0, 4.242640687119285, 1.0, 8.48528137423857, 11.0, 1.4142135623730951, 1.0, 1.4142135623730951, 0, 0, 0, 0, 0, 0, 0, 0, 12, 6, 4, 1]
30 12
[4.0, 2.8284271247461903, 2.0, 1.4142135623730951, 1.0, 1.4142135623730951, 1.0, 1.4142135623730951, 0, 0, 0, 0, 0, 0, 0, 0, 12, 6, 4, 1]
31 10
[1.0, 1.4142135623730951, 4.0, 7.0710678118654755, 10.0, 1.4142135623730951, 1.0, 1.4142135623730951, 0, 0, 0, 0, 0, 0, 0, 0, 12, 6, 4, 1]
32 11
[8.0, 5.656854249492381, 1.0, 8.48528137423857, 11.0, 1.4142135623730951, 1.0, 1.4142135623730951, 0, 0, 0, 0, 0, 0, 0, 0, 12, 6, 4, 1]
31 12
[6.0, 4.242640687119285, 3.0, 1.4142135623730951, 1.0, 1.4142135623730951, 1.0, 1.4142135623730951, 0, 0, 0, 0, 0, 0, 0, 0, 12, 6, 4, 1]
32 10
[1.0, 1.4142135623730951, 5.0, 7.0710678118654755, 10.0, 1.4142135623730951, 1.0, 1.4142135623730951, 0, 0, 0, 0, 0, 0, 0, 0, 12, 6, 4, 1]
33 11
[8.0, 7.0710678118654755, 1.0, 8.48528137423857, 11.0, 1.4142135623730951, 1.0, 1.4142135623730951, 0, 0, 0, 0, 0, 0, 0, 0, 12, 6, 4, 1]
32 12
[7.0, 5.656854249492381, 4.0, 1.4142135623730951, 1.0, 1.4142135623730951, 1.0, 1.4142135623730951, 0, 0, 0, 0, 0, 0, 0, 0, 12, 6, 4, 1]
33 10
[1.0, 1.4142135623730951, 6.0, 8.48528137423857, 10.0, 1.4142135623730951, 1.0, 1.4142135623730951, 0, 0, 0, 0, 0, 0, 0, 0, 12, 6, 4, 1]
33 12
[7.0, 5.656854249492381, 5.0, 1.4142135623730951, 1.0, 1.4142135623730951, 1.0, 1.4142135623730951, 0, 0, 0, 0, 0, 0, 0, 0, 12, 6, 4, 1]
33 9
[1.0, 2.8284271247461903, 6.0, 8.48528137423857, 9.0, 1.4142135623730951, 1.0, 1.4142135623730951, 0, 0, 0, 0, 0, 0, 0, 0, 12, 6, 4, 1]
32 10
[1.0, 1.4142135623730951, 5.0, 7.0710678118654755, 10.0, 1.4142135623730951, 1.0, 1.4142135623730951, 0, 0, 0, 0, 0, 0, 0, 0, 12, 6, 4, 1]
32 9
[1.0, 2.8284271247461903, 5.0, 7.0710678118654755, 9.0, 1.4142135623730951, 1.0, 1.4142135623730951, 0, 0, 0, 0, 0, 0, 0, 0, 12, 6, 4, 2]
32 11
[8.0, 5.656854249492381, 1.0, 8.48528137423857, 1.0, 1.4142135623730951, 1.0, 1.4142135623730951, 0, 0, 0, 0, 0, 0, 0, 0, 12, 6, 3, 1]
31 10
[1.0, 1.4142135623730951, 4.0, 7.0710678118654755, 10.0, 1.4142135623730951, 1.0, 1.4142135623730951, 0, 0, 0, 0, 0, 0, 0, 0, 12, 6, 4, 2]
31 9
[1.0, 2.8284271247461903, 4.0, 5.656854249492381, 9.0, 1.4142135623730951, 1.0, 1.4142135623730951, 0, 0, 0, 0, 0, 0, 0, 0, 12, 6, 4, 3]
31 11
[7.0, 4.242640687119285, 1.0, 8.48528137423857, 1.0, 1.4142135623730951, 1.0, 1.4142135623730951, 0, 0, 0, 0, 0, 0, 0, 0, 12, 6, 3, 2]
30 10
[1.0, 1.4142135623730951, 3.0, 7.0710678118654755, 10.0, 1.4142135623730951, 1.0, 1.4142135623730951, 0, 0, 0, 0, 0, 0, 0, 0, 12, 6, 4, 3]
30 9
[1.0, 2.8284271247461903, 3.0, 5.656854249492381, 9.0, 1.4142135623730951, 1.0, 1.4142135623730951, 0, 0, 0, 0, 0, 0, 0, 0, 12, 6, 4, 4]
30 11
[5.0, 2.8284271247461903, 1.0, 15.556349186104045, 1.0, 1.4142135623730951, 1.0, 1.4142135623730951, 0, 0, 0, 0, 0, 0, 0, 0, 12, 6, 3, 3]
29 10
[1.0, 1.4142135623730951, 2.0, 14.142135623730951, 10.0, 1.4142135623730951, 1.0, 1.4142135623730951, 0, 0, 0, 0, 0, 0, 0, 0, 12, 6, 4, 4]
29 9
[1.0, 2.8284271247461903, 2.0, 5.656854249492381, 9.0, 1.4142135623730951, 1.0, 1.4142135623730951, 0, 0, 0, 0, 0, 0, 0, 0, 12, 6, 4, 5]
29 11
[5.0, 1.4142135623730951, 1.0, 2.8284271247461903, 1.0, 1.4142135623730951, 1.0, 1.4142135623730951, 0, 0, 0, 0, 0, 0, 0, 0, 12, 6, 3, 4]
28 10
[1.0, 1.4142135623730951, 1.0, 1.4142135623730951, 10.0, 1.4142135623730951, 1.0, 1.4142135623730951, 0, 0, 0, 0, 0, 0, 0, 0, 12, 6, 4, 5]
28 9
[1.0, 1.4142135623730951, 1.0, 12.727922061357855, 9.0, 1.4142135623730951, 1.0, 1.4142135623730951, 0, 0, 0, 0, 0, 0, 0, 0, 12, 6, 4, 6]
28 11
[1.0, 12.727922061357855, 1.0, 1.4142135623730951, 1.0, 1.4142135623730951, 1.0, 1.4142135623730951, 0, 0, 0, 0, 0, 0, 0, 0, 12, 6, 3, 5]
28 8
[1.0, 1.4142135623730951, 28.0, 4.242640687119285, 8.0, 1.4142135623730951, 1.0, 1.4142135623730951, 0, 0, 0, 0, 0, 0, 0, 0, 12, 6, 4, 6]
29 9
[1.0, 1.4142135623730951, 1.0, 5.656854249492381, 9.0, 1.4142135623730951, 1.0, 1.4142135623730951, 0, 0, 0, 0, 0, 0, 0, 0, 12, 6, 4, 6]
28 7
[1.0, 2.8284271247461903, 28.0, 2.8284271247461903, 7.0, 1.4142135623730951, 1.0, 1.4142135623730951, 0, 0, 0, 0, 0, 0, 0, 0, 12, 6, 4, 6]
29 8
[2.0, 1.4142135623730951, 1.0, 4.242640687119285, 8.0, 1.4142135623730951, 1.0, 1.4142135623730951, 0, 0, 0, 0, 0, 0, 0, 0, 12, 6, 4, 6]
27 8
[1.0, 1.4142135623730951, 27.0, 11.313708498984761, 3.0, 1.4142135623730951, 1.0, 1.4142135623730951, 0, 0, 0, 0, 0, 0, 0, 0, 12, 6, 4, 6]
28 6
[1.0, 4.242640687119285, 28.0, 1.4142135623730951, 6.0, 1.4142135623730951, 1.0, 1.4142135623730951, 0, 0, 0, 0, 0, 0, 0, 0, 12, 6, 4, 6]
29 7
[3.0, 1.4142135623730951, 1.0, 2.8284271247461903, 7.0, 1.4142135623730951, 1.0, 1.4142135623730951, 0, 0, 0, 0, 0, 0, 0, 0, 12, 6, 4, 6]
27 7
[2.0, 2.8284271247461903, 27.0, 2.8284271247461903, 2.0, 1.4142135623730951, 1.0, 1.4142135623730951, 0, 0, 0, 0, 0, 0, 0, 0, 12, 6, 4, 6]
28 5
[1.0, 14.142135623730951, 1.0, 1.4142135623730951, 5.0, 1.4142135623730951, 1.0, 1.4142135623730951, 0, 0, 0, 0, 0, 0, 0, 0, 12, 6, 4, 6]
29 6
[4.0, 1.4142135623730951, 1.0, 2.8284271247461903, 6.0, 1.4142135623730951, 1.0, 1.4142135623730951, 0, 0, 0, 0, 0, 0, 0, 0, 12, 6, 4, 6]
27 6
[3.0, 12.727922061357855, 27.0, 1.4142135623730951, 1.0, 1.4142135623730951, 1.0, 1.4142135623730951, 0, 0, 0, 0, 0, 0, 0, 0, 12, 6, 4, 6]
27 7
[2.0, 2.8284271247461903, 27.0, 2.8284271247461903, 1.0, 1.4142135623730951, 1.0, 1.4142135623730951, 0, 0, 0, 0, 0, 0, 0, 0, 12, 6, 4, 6]
26 6
[3.0, 12.727922061357855, 26.0, 1.4142135623730951, 1.0, 1.4142135623730951, 1.0, 1.4142135623730951, 0, 0, 0, 0, 0, 0, 0, 0, 12, 6, 4, 6]
26 7
[2.0, 11.313708498984761, 26.0, 9.899494936611665, 1.0, 1.4142135623730951, 1.0, 1.4142135623730951, 0, 0, 0, 0, 0, 0, 0, 0, 12, 6, 4, 6]
25 6
[3.0, 12.727922061357855, 25.0, 8.48528137423857, 1.0, 1.4142135623730951, 1.0, 1.4142135623730951, 0, 0, 0, 0, 0, 0, 0, 0, 12, 6, 4, 6]
25 7
[2.0, 11.313708498984761, 25.0, 9.899494936611665, 1.0, 1.4142135623730951, 1.0, 1.4142135623730951, 0, 0, 0, 0, 0, 0, 0, 0, 12, 6, 4, 6]
24 6
[14.0, 19.79898987322333, 24.0, 8.48528137423857, 6.0, 1.4142135623730951, 1.0, 1.4142135623730951, 0, 0, 0, 0, 0, 0, 0, 0, 12, 6, 4, 6]
24 5
[1.0, 8.48528137423857, 6.0, 7.0710678118654755, 5.0, 1.4142135623730951, 1.0, 1.4142135623730951, 0, 0, 0, 0, 0, 0, 0, 0, 12, 6, 4, 7]
24 7
[13.0, 11.313708498984761, 24.0, 9.899494936611665, 1.0, 1.4142135623730951, 1.0, 1.4142135623730951, 0, 0, 0, 0, 0, 0, 0, 0, 12, 6, 4, 7]
23 6
[14.0, 7.0710678118654755, 23.0, 8.48528137423857, 6.0, 1.4142135623730951, 1.0, 1.4142135623730951, 0, 0, 0, 0, 0, 0, 0, 0, 12, 6, 4, 7]
23 5
[1.0, 7.0710678118654755, 5.0, 7.0710678118654755, 5.0, 1.4142135623730951, 1.0, 1.4142135623730951, 0, 0, 0, 0, 0, 0, 0, 0, 12, 6, 4, 8]
23 7
[13.0, 18.384776310850235, 23.0, 9.899494936611665, 1.0, 1.4142135623730951, 1.0, 1.4142135623730951, 0, 0, 0, 0, 0, 0, 0, 0, 12, 6, 4, 8]
22 6
[14.0, 5.656854249492381, 22.0, 8.48528137423857, 6.0, 1.4142135623730951, 1.0, 1.4142135623730951, 0, 0, 0, 0, 0, 0, 0, 0, 12, 6, 4, 8]
22 5
[1.0, 5.656854249492381, 4.0, 7.0710678118654755, 5.0, 1.4142135623730951, 1.0, 1.4142135623730951, 0, 0, 0, 0, 0, 0, 0, 0, 12, 6, 4, 9]
22 7
[13.0, 5.656854249492381, 22.0, 5.656854249492381, 1.0, 1.4142135623730951, 1.0, 1.4142135623730951, 0, 0, 0, 0, 0, 0, 0, 0, 12, 6, 4, 9]
21 6
[14.0, 4.242640687119285, 21.0, 4.242640687119285, 6.0, 1.4142135623730951, 1.0, 1.4142135623730951, 0, 0, 0, 0, 0, 0, 0, 0, 12, 6, 4, 9]
21 5
[1.0, 5.656854249492381, 3.0, 7.0710678118654755, 5.0, 1.4142135623730951, 1.0, 1.4142135623730951, 0, 0, 0, 0, 0, 0, 0, 0, 12, 6, 4, 10]
21 7
[13.0, 4.242640687119285, 21.0, 4.242640687119285, 1.0, 1.4142135623730951, 1.0, 1.4142135623730951, 0, 0, 0, 0, 0, 0, 0, 0, 12, 6, 4, 10]
20 6
[14.0, 4.242640687119285, 20.0, 2.8284271247461903, 6.0, 1.4142135623730951, 1.0, 1.4142135623730951, 0, 0, 0, 0, 0, 0, 0, 0, 12, 6, 4, 10]
20 5
[1.0, 5.656854249492381, 2.0, 2.8284271247461903, 5.0, 1.4142135623730951, 1.0, 1.4142135623730951, 0, 0, 0, 0, 0, 0, 0, 0, 12, 6, 4, 11]
20 7
[13.0, 2.8284271247461903, 20.0, 2.8284271247461903, 1.0, 1.4142135623730951, 1.0, 1.4142135623730951, 0, 0, 0, 0, 0, 0, 0, 0, 12, 6, 4, 11]
19 6
[14.0, 4.242640687119285, 19.0, 1.4142135623730951, 6.0, 2.8284271247461903, 1.0, 2.8284271247461903, 0, 0, 0, 0, 0, 0, 0, 0, 12, 6, 4, 11]
19 5
[1.0, 14.142135623730951, 1.0, 1.4142135623730951, 5.0, 2.8284271247461903, 2.0, 1.4142135623730951, 0, 0, 0, 0, 0, 0, 0, 0, 12, 6, 4, 12]
19 7
[13.0, 2.8284271247461903, 19.0, 2.8284271247461903, 1.0, 1.4142135623730951, 2.0, 2.8284271247461903, 0, 0, 0, 0, 0, 0, 0, 0, 12, 6, 4, 12]
18 6
[3.0, 12.727922061357855, 18.0, 1.4142135623730951, 1.0, 4.242640687119285, 1.0, 4.242640687119285, 0, 0, 0, 0, 0, 0, 0, 0, 12, 6, 4, 12]
20 7
[13.0, 2.8284271247461903, 1.0, 1.4142135623730951, 1.0, 1.4142135623730951, 1.0, 1.4142135623730951, 0, 0, 0, 0, 0, 0, 0, 0, 12, 6, 4, 13]
19 8
[12.0, 1.4142135623730951, 19.0, 4.242640687119285, 1.0, 2.8284271247461903, 2.0, 2.8284271247461903, 0, 0, 0, 0, 0, 0, 0, 0, 12, 6, 4, 13]
18 7
[2.0, 2.8284271247461903, 18.0, 2.8284271247461903, 2.0, 1.4142135623730951, 1.0, 4.242640687119285, 0, 0, 0, 0, 0, 0, 0, 0, 12, 6, 4, 13]
20 8
[12.0, 2.8284271247461903, 1.0, 1.4142135623730951, 2.0, 1.4142135623730951, 1.0, 1.4142135623730951, 0, 0, 0, 0, 0, 0, 0, 0, 12, 6, 4, 13]
19 9
[11.0, 1.4142135623730951, 1.0, 12.727922061357855, 1.0, 2.8284271247461903, 2.0, 2.8284271247461903, 0, 0, 0, 0, 0, 0, 0, 0, 12, 6, 4, 13]
18 8
[1.0, 1.4142135623730951, 18.0, 11.313708498984761, 3.0, 1.4142135623730951, 1.0, 4.242640687119285, 0, 0, 0, 0, 0, 0, 0, 0, 12, 6, 4, 13]
18 7
[1.0, 2.8284271247461903, 18.0, 2.8284271247461903, 2.0, 1.4142135623730951, 1.0, 1.4142135623730951, 0, 0, 0, 0, 0, 0, 0, 0, 12, 6, 4, 13]
17 8
[1.0, 1.4142135623730951, 17.0, 9.899494936611665, 3.0, 2.8284271247461903, 1.0, 1.4142135623730951, 0, 0, 0, 1, 0, 0, 0, 0, 12, 6, 4, 13]
17 7
[1.0, 11.313708498984761, 17.0, 8.48528137423857, 2.0, 5.656854249492381, 2.0, 1.4142135623730951, 0, 0, 0, 1, 0, 0, 0, 0, 12, 6, 4, 13]
16 8
[1.0, 9.899494936611665, 16.0, 9.899494936611665, 3.0, 7.0710678118654755, 1.0, 1.4142135623730951, 0, 0, 0, 1, 0, 0, 0, 0, 12, 6, 4, 13]
17 6
[1.0, 12.727922061357855, 17.0, 1.4142135623730951, 1.0, 1.4142135623730951, 2.0, 2.8284271247461903, 0, 0, 0, 0, 0, 0, 0, 0, 12, 6, 4, 13]
18 7
[1.0, 1.4142135623730951, 1.0, 2.8284271247461903, 2.0, 1.4142135623730951, 1.0, 1.4142135623730951, 0, 0, 0, 0, 0, 0, 0, 0, 12, 6, 4, 13]
16 7
[2.0, 11.313708498984761, 16.0, 8.48528137423857, 2.0, 2.8284271247461903, 1.0, 1.4142135623730951, 0, 0, 0, 1, 0, 0, 0, 0, 12, 6, 4, 13]
16 6
[1.0, 12.727922061357855, 16.0, 7.0710678118654755, 1.0, 1.4142135623730951, 3.0, 1.4142135623730951, 0, 0, 0, 1, 0, 0, 0, 0, 12, 6, 4, 13]
16 8
[1.0, 9.899494936611665, 16.0, 9.899494936611665, 1.0, 1.4142135623730951, 1.0, 1.4142135623730951, 0, 0, 0, 1, 0, 0, 0, 0, 12, 6, 4, 13]
15 7
[13.0, 11.313708498984761, 15.0, 8.48528137423857, 7.0, 2.8284271247461903, 1.0, 2.8284271247461903, 0, 0, 0, 1, 0, 0, 0, 0, 12, 6, 4, 13]
15 6
[1.0, 19.79898987322333, 15.0, 7.0710678118654755, 6.0, 1.4142135623730951, 4.0, 1.4142135623730951, 0, 0, 0, 1, 0, 0, 0, 0, 12, 6, 4, 13]
15 8
[12.0, 9.899494936611665, 15.0, 8.48528137423857, 1.0, 1.4142135623730951, 2.0, 1.4142135623730951, 0, 0, 0, 1, 0, 0, 0, 0, 12, 6, 4, 13]
14 7
[13.0, 18.384776310850235, 14.0, 7.0710678118654755, 7.0, 2.8284271247461903, 1.0, 2.8284271247461903, 0, 0, 0, 1, 0, 0, 0, 0, 12, 6, 4, 13]
14 6
[1.0, 7.0710678118654755, 14.0, 7.0710678118654755, 6.0, 2.8284271247461903, 5.0, 1.4142135623730951, 0, 0, 0, 1, 0, 0, 0, 0, 12, 6, 4, 13]
14 8
[12.0, 9.899494936611665, 14.0, 7.0710678118654755, 1.0, 1.4142135623730951, 3.0, 2.8284271247461903, 0, 0, 0, 0, 0, 0, 0, 0, 12, 6, 4, 13]
13 7
[13.0, 5.656854249492381, 13.0, 5.656854249492381, 4.0, 4.242640687119285, 1.0, 4.242640687119285, 0, 0, 0, 0, 1, 0, 0, 0, 12, 6, 4, 13]
15 8
[12.0, 9.899494936611665, 1.0, 1.4142135623730951, 1.0, 1.4142135623730951, 2.0, 1.4142135623730951, 0, 0, 0, 0, 0, 0, 0, 0, 12, 6, 4, 13]
14 9
[11.0, 8.48528137423857, 5.0, 7.0710678118654755, 1.0, 2.8284271247461903, 2.0, 2.8284271247461903, 0, 0, 0, 0, 0, 0, 0, 0, 12, 6, 4, 13]
13 8
[12.0, 16.97056274847714, 13.0, 5.656854249492381, 4.0, 1.4142135623730951, 1.0, 4.242640687119285, 0, 0, 0, 0, 1, 0, 0, 0, 12, 6, 4, 13]
13 7
[1.0, 5.656854249492381, 13.0, 5.656854249492381, 2.0, 4.242640687119285, 1.0, 1.4142135623730951, 0, 0, 0, 0, 1, 0, 0, 0, 12, 6, 4, 13]
13 9
[11.0, 8.48528137423857, 4.0, 5.656854249492381, 1.0, 1.4142135623730951, 3.0, 11.313708498984761, 0, 0, 0, 0, 0, 0, 0, 0, 12, 6, 4, 13]
12 8
[12.0, 4.242640687119285, 12.0, 4.242640687119285, 7.0, 5.656854249492381, 1.0, 12.727922061357855, 0, 0, 0, 0, 1, 0, 0, 0, 12, 6, 4, 13]
12 7
[1.0, 4.242640687119285, 12.0, 4.242640687119285, 6.0, 1.4142135623730951, 2.0, 1.4142135623730951, 0, 0, 0, 0, 1, 1, 0, 0, 12, 6, 4, 13]
12 9
[11.0, 15.556349186104045, 3.0, 5.656854249492381, 1.0, 1.4142135623730951, 4.0, 8.48528137423857, 0, 0, 0, 0, 0, 0, 0, 0, 12, 6, 4, 13]
11 8
[12.0, 2.8284271247461903, 11.0, 4.242640687119285, 7.0, 2.8284271247461903, 1.0, 9.899494936611665, 0, 0, 0, 0, 1, 1, 0, 0, 12, 6, 4, 13]
11 7
[1.0, 2.8284271247461903, 11.0, 2.8284271247461903, 6.0, 2.8284271247461903, 2.0, 1.4142135623730951, 0, 0, 0, 0, 1, 1, 1, 0, 12, 6, 4, 12]
11 9
[11.0, 2.8284271247461903, 2.0, 5.656854249492381, 1.0, 1.4142135623730951, 5.0, 8.48528137423857, 0, 0, 0, 0, 0, 0, 0, 0, 12, 6, 4, 12]
10 8
[12.0, 1.4142135623730951, 10.0, 4.242640687119285, 7.0, 4.242640687119285, 1.0, 9.899494936611665, 0, 0, 0, 0, 1, 1, 0, 0, 12, 6, 4, 12]
10 7
[1.0, 2.8284271247461903, 10.0, 2.8284271247461903, 6.0, 4.242640687119285, 3.0, 1.4142135623730951, 0, 0, 0, 0, 1, 1, 1, 0, 12, 6, 4, 11]
10 9
[11.0, 1.4142135623730951, 1.0, 5.656854249492381, 1.0, 1.4142135623730951, 6.0, 8.48528137423857, 0, 0, 0, 1, 0, 0, 0, 0, 12, 6, 4, 11]
9 8
[1.0, 1.4142135623730951, 9.0, 4.242640687119285, 3.0, 5.656854249492381, 1.0, 9.899494936611665, 0, 0, 0, 1, 0, 1, 0, 0, 12, 6, 4, 11]
10 6
[1.0, 4.242640687119285, 10.0, 1.4142135623730951, 5.0, 4.242640687119285, 3.0, 2.8284271247461903, 0, 0, 0, 0, 1, 1, 1, 1, 12, 6, 4, 10]
11 7
[13.0, 1.4142135623730951, 1.0, 2.8284271247461903, 6.0, 2.8284271247461903, 2.0, 1.4142135623730951, 0, 0, 0, 0, 1, 1, 1, 1, 12, 6, 4, 10]
9 7
[2.0, 2.8284271247461903, 9.0, 2.8284271247461903, 2.0, 5.656854249492381, 1.0, 1.4142135623730951, 0, 0, 0, 0, 0, 1, 0, 0, 12, 6, 4, 10]
11 6
[1.0, 1.4142135623730951, 11.0, 2.8284271247461903, 5.0, 2.8284271247461903, 2.0, 2.8284271247461903, 0, 0, 0, 0, 1, 1, 1, 1, 12, 6, 4, 9]
12 7
[1.0, 1.4142135623730951, 1.0, 4.242640687119285, 6.0, 1.4142135623730951, 1.0, 1.4142135623730951, 1, 1, 0, 0, 1, 1, 1, 1, 12, 6, 4, 9]
11 8
[12.0, 2.8284271247461903, 11.0, 1.4142135623730951, 1.0, 2.8284271247461903, 1.0, 9.899494936611665, 0, 0, 0, 0, 0, 1, 1, 0, 12, 6, 3, 10]
12 8
[12.0, 4.242640687119285, 1.0, 1.4142135623730951, 7.0, 1.4142135623730951, 1.0, 12.727922061357855, 0, 0, 0, 0, 1, 1, 1, 0, 11, 6, 3, 10]
11 9
[11.0, 2.8284271247461903, 2.0, 1.4142135623730951, 1.0, 1.4142135623730951, 5.0, 8.48528137423857, 0, 0, 0, 1, 0, 1, 0, 0, 11, 6, 4, 9]
10 8
[12.0, 1.4142135623730951, 10.0, 4.242640687119285, 7.0, 1.4142135623730951, 1.0, 9.899494936611665, 0, 0, 0, 0, 1, 0, 0, 0, 11, 6, 3, 10]
10 7
[1.0, 2.8284271247461903, 10.0, 2.8284271247461903, 6.0, 4.242640687119285, 1.0, 1.4142135623730951, 0, 0, 0, 0, 1, 1, 0, 0, 10, 5, 3, 11]
10 9
[11.0, 1.4142135623730951, 1.0, 5.656854249492381, 1.0, 1.4142135623730951, 6.0, 8.48528137423857, 0, 0, 0, 1, 0, 0, 0, 0, 10, 5, 4, 10]
9 8
[1.0, 1.4142135623730951, 9.0, 4.242640687119285, 3.0, 1.4142135623730951, 1.0, 9.899494936611665, 0, 0, 0, 1, 0, 1, 0, 0, 10, 5, 4, 10]
10 6
[1.0, 1.4142135623730951, 10.0, 1.4142135623730951, 5.0, 4.242640687119285, 3.0, 1.4142135623730951, 0, 1, 0, 0, 1, 1, 1, 0, 9, 4, 4, 11]
11 7
[1.0, 1.4142135623730951, 1.0, 2.8284271247461903, 6.0, 2.8284271247461903, 2.0, 1.4142135623730951, 0, 0, 0, 0, 1, 1, 1, 1, 9, 4, 3, 10]
9 7
[2.0, 2.8284271247461903, 9.0, 2.8284271247461903, 2.0, 5.656854249492381, 1.0, 1.4142135623730951, 0, 0, 0, 0, 0, 1, 0, 0, 9, 4, 3, 12]
10 5
[1.0, 2.8284271247461903, 1.0, 1.4142135623730951, 4.0, 4.242640687119285, 3.0, 4.242640687119285, 0, 1, 0, 0, 1, 1, 1, 1, 8, 3, 4, 11]
11 6
[1.0, 1.4142135623730951, 1.0, 2.8284271247461903, 5.0, 2.8284271247461903, 2.0, 2.8284271247461903, 0, 0, 0, 0, 1, 1, 1, 1, 8, 3, 4, 11]
9 6
[1.0, 1.4142135623730951, 9.0, 1.4142135623730951, 1.0, 5.656854249492381, 1.0, 1.4142135623730951, 1, 1, 0, 0, 0, 1, 0, 0, 8, 3, 4, 11]
11 5
[1.0, 1.4142135623730951, 2.0, 2.8284271247461903, 4.0, 2.8284271247461903, 2.0, 2.8284271247461903, 0, 0, 0, 0, 1, 1, 1, 1, 7, 2, 4, 11]
12 6
[2.0, 1.4142135623730951, 1.0, 4.242640687119285, 5.0, 1.4142135623730951, 1.0, 1.4142135623730951, 1, 0, 0, 0, 1, 1, 1, 1, 7, 2, 4, 11]
11 7
[1.0, 1.4142135623730951, 1.0, 1.4142135623730951, 1.0, 2.8284271247461903, 2.0, 1.4142135623730951, 0, 0, 0, 0, 0, 1, 1, 1, 7, 2, 3, 10]
12 5
[1.0, 1.4142135623730951, 3.0, 4.242640687119285, 4.0, 1.4142135623730951, 1.0, 1.4142135623730951, 0, 0, 0, 1, 1, 1, 1, 1, 6, 1, 4, 11]
13 6
[1.0, 2.8284271247461903, 1.0, 5.656854249492381, 1.0, 4.242640687119285, 6.0, 1.4142135623730951, 1, 0, 0, 1, 1, 0, 0, 0, 6, 1, 3, 12]
12 7
[1.0, 1.4142135623730951, 1.0, 1.4142135623730951, 1.0, 1.4142135623730951, 1.0, 1.4142135623730951, 1, 0, 0, 0, 0, 1, 1, 1, 6, 1, 4, 11]
12 4
[1.0, 2.8284271247461903, 3.0, 4.242640687119285, 3.0, 1.4142135623730951, 1.0, 1.4142135623730951, 0, 0, 0, 1, 1, 1, 1, 1, 12, 6, 4, 11]
13 5
[1.0, 1.4142135623730951, 1.0, 5.656854249492381, 1.0, 7.0710678118654755, 3.0, 2.8284271247461903, 1, 0, 0, 1, 1, 0, 0, 0, 12, 6, 3, 12]
11 5
[1.0, 1.4142135623730951, 2.0, 2.8284271247461903, 4.0, 2.8284271247461903, 1.0, 1.4142135623730951, 0, 0, 0, 0, 1, 1, 0, 0, 12, 6, 4, 11]
11 4
[1.0, 4.242640687119285, 2.0, 2.8284271247461903, 3.0, 2.8284271247461903, 2.0, 1.4142135623730951, 0, 1, 0, 1, 1, 1, 1, 0, 12, 6, 4, 11]
11 6
[1.0, 1.4142135623730951, 1.0, 2.8284271247461903, 1.0, 1.4142135623730951, 1.0, 2.8284271247461903, 0, 0, 0, 0, 0, 0, 0, 1, 12, 6, 3, 10]
10 5
[1.0, 2.8284271247461903, 1.0, 1.4142135623730951, 4.0, 4.242640687119285, 1.0, 1.4142135623730951, 0, 1, 0, 0, 1, 1, 0, 0, 12, 6, 4, 11]
11 3
[1.0, 2.8284271247461903, 2.0, 2.8284271247461903, 2.0, 2.8284271247461903, 2.0, 2.8284271247461903, 0, 0, 0, 1, 1, 1, 1, 1, 12, 6, 4, 11]
12 4
[1.0, 1.4142135623730951, 1.0, 4.242640687119285, 3.0, 1.4142135623730951, 1.0, 1.4142135623730951, 0, 0, 0, 1, 1, 1, 1, 1, 12, 6, 4, 11]
10 4
[2.0, 1.4142135623730951, 1.0, 1.4142135623730951, 3.0, 4.242640687119285, 1.0, 1.4142135623730951, 0, 0, 0, 0, 1, 1, 0, 0, 12, 6, 4, 11]
10 3
[1.0, 1.4142135623730951, 1.0, 1.4142135623730951, 2.0, 2.8284271247461903, 3.0, 1.4142135623730951, 0, 0, 0, 1, 1, 1, 1, 0, 12, 6, 4, 12]
10 5
[1.0, 2.8284271247461903, 1.0, 1.4142135623730951, 1.0, 1.4142135623730951, 1.0, 1.4142135623730951, 0, 1, 0, 0, 0, 0, 0, 0, 12, 6, 4, 12]
11 5
[1.0, 1.4142135623730951, 1.0, 1.4142135623730951, 1.0, 2.8284271247461903, 1.0, 1.4142135623730951, 0, 0, 0, 0, 0, 1, 0, 0, 12, 6, 3, 12]
10 6
[1.0, 1.4142135623730951, 7.0, 1.4142135623730951, 1.0, 1.4142135623730951, 1.0, 1.4142135623730951, 0, 1, 1, 0, 0, 0, 0, 0, 12, 6, 3, 12]
11 6
[1.0, 1.4142135623730951, 1.0, 1.4142135623730951, 1.0, 1.4142135623730951, 1.0, 2.8284271247461903, 0, 0, 0, 0, 0, 0, 0, 1, 12, 6, 2, 12]
10 7
[1.0, 2.8284271247461903, 1.0, 2.8284271247461903, 1.0, 1.4142135623730951, 1.0, 1.4142135623730951, 0, 0, 1, 0, 0, 0, 0, 0, 12, 6, 2, 12]
9 6
[1.0, 1.4142135623730951, 6.0, 1.4142135623730951, 1.0, 1.4142135623730951, 1.0, 1.4142135623730951, 1, 1, 1, 0, 0, 0, 0, 0, 12, 6, 3, 13]
9 7
[2.0, 2.8284271247461903, 1.0, 2.8284271247461903, 1.0, 1.4142135623730951, 1.0, 1.4142135623730951, 0, 0, 1, 0, 0, 0, 0, 0, 12, 6, 2, 15]
8 6
[1.0, 1.4142135623730951, 5.0, 1.4142135623730951, 1.0, 1.4142135623730951, 1.0, 1.4142135623730951, 1, 1, 1, 0, 0, 0, 0, 1, 12, 6, 3, 14]
8 7
[2.0, 11.313708498984761, 1.0, 2.8284271247461903, 1.0, 1.4142135623730951, 1.0, 11.313708498984761, 0, 0, 1, 1, 0, 0, 1, 0, 12, 6, 2, 16]
7 6
[1.0, 1.4142135623730951, 4.0, 1.4142135623730951, 1.0, 1.4142135623730951, 1.0, 1.4142135623730951, 1, 1, 1, 1, 0, 0, 0, 1, 12, 6, 3, 15]
9 7
[2.0, 2.8284271247461903, 1.0, 1.4142135623730951, 1.0, 1.4142135623730951, 1.0, 1.4142135623730951, 0, 0, 0, 0, 0, 0, 0, 0, 11, 6, 2, 18]
8 8
[1.0, 1.4142135623730951, 8.0, 1.4142135623730951, 1.0, 1.4142135623730951, 2.0, 1.4142135623730951, 0, 0, 0, 1, 0, 1, 0, 0, 11, 6, 3, 17]
7 7
[2.0, 9.899494936611665, 1.0, 2.8284271247461903, 2.0, 1.4142135623730951, 1.0, 2.8284271247461903, 0, 0, 1, 1, 0, 0, 0, 0, 11, 6, 2, 18]
7 6
[1.0, 1.4142135623730951, 4.0, 1.4142135623730951, 1.0, 1.4142135623730951, 1.0, 1.4142135623730951, 0, 1, 1, 1, 0, 0, 0, 0, 10, 5, 3, 19]
7 8
[1.0, 9.899494936611665, 7.0, 1.4142135623730951, 1.0, 1.4142135623730951, 3.0, 1.4142135623730951, 0, 0, 0, 1, 0, 0, 0, 0, 10, 5, 3, 19]
6 7
[13.0, 8.48528137423857, 1.0, 2.8284271247461903, 2.0, 2.8284271247461903, 1.0, 2.8284271247461903, 0, 0, 1, 1, 1, 0, 0, 0, 10, 5, 2, 20]
6 6
[1.0, 1.4142135623730951, 3.0, 1.4142135623730951, 1.0, 1.4142135623730951, 2.0, 1.4142135623730951, 0, 1, 1, 1, 1, 0, 0, 0, 9, 4, 3, 21]
6 8
[12.0, 8.48528137423857, 6.0, 1.4142135623730951, 1.0, 1.4142135623730951, 4.0, 1.4142135623730951, 0, 0, 0, 1, 0, 0, 0, 0, 9, 4, 3, 21]
5 7
[13.0, 7.0710678118654755, 1.0, 2.8284271247461903, 2.0, 2.8284271247461903, 1.0, 2.8284271247461903, 0, 0, 1, 1, 1, 0, 0, 0, 9, 4, 2, 22]
7 8
[1.0, 9.899494936611665, 1.0, 1.4142135623730951, 1.0, 1.4142135623730951, 3.0, 1.4142135623730951, 0, 0, 0, 0, 0, 0, 0, 0, 8, 3, 3, 61]
6 9
[11.0, 8.48528137423857, 6.0, 2.8284271247461903, 1.0, 2.8284271247461903, 1.0, 1.4142135623730951, 0, 0, 0, 1, 0, 0, 0, 0, 8, 3, 3, 61]
5 8
[12.0, 7.0710678118654755, 5.0, 1.4142135623730951, 1.0, 1.4142135623730951, 1.0, 2.8284271247461903, 0, 0, 0, 1, 1, 0, 0, 0, 8, 3, 3, 61]
Winner side: Yellow
Details:
  Scores:
    Blue -> 8
    Yellow -> 68
