Loading config from configs\gamecfg177.json
Loading neural network from nn\nn_177.pkl
Starting client
Connecting to host 'localhost' port 8177
Connected successfully
joined the game successfully
Side: Blue
2 1
[19.0, 2.8284271247461903, 1.0, 1.4142135623730951, 1.0, 1.4142135623730951, 19.0, 19.79898987322333, 0, 0, 0, 0, 0, 0, 0, 0, 12, 6, 4, 1]
1 2
[18.0, 1.4142135623730951, 1.0, 1.4142135623730951, 1.0, 2.8284271247461903, 20.0, 9.899494936611665, 0, 0, 0, 0, 0, 0, 0, 0, 12, 6, 4, 1]
2 2
[18.0, 2.8284271247461903, 1.0, 1.4142135623730951, 2.0, 2.8284271247461903, 19.0, 9.899494936611665, 0, 0, 0, 0, 0, 0, 0, 0, 12, 6, 4, 1]
1 3
[17.0, 1.4142135623730951, 1.0, 1.4142135623730951, 1.0, 4.242640687119285, 6.0, 8.48528137423857, 0, 0, 0, 0, 0, 0, 0, 0, 12, 6, 4, 1]
2 1
[1.0, 1.4142135623730951, 1.0, 1.4142135623730951, 1.0, 1.4142135623730951, 19.0, 19.79898987322333, 0, 0, 0, 0, 0, 0, 0, 0, 12, 6, 4, 1]
3 2
[18.0, 4.242640687119285, 1.0, 2.8284271247461903, 2.0, 2.8284271247461903, 18.0, 18.384776310850235, 0, 0, 0, 0, 0, 0, 0, 0, 12, 6, 4, 1]
2 3
[17.0, 2.8284271247461903, 2.0, 1.4142135623730951, 1.0, 4.242640687119285, 5.0, 8.48528137423857, 0, 0, 0, 0, 0, 0, 0, 0, 12, 6, 4, 1]
3 1
[1.0, 1.4142135623730951, 2.0, 1.4142135623730951, 1.0, 1.4142135623730951, 18.0, 5.656854249492381, 0, 0, 0, 0, 0, 0, 0, 0, 12, 6, 4, 1]
4 2
[18.0, 5.656854249492381, 1.0, 2.8284271247461903, 2.0, 2.8284271247461903, 17.0, 4.242640687119285, 0, 0, 0, 0, 0, 0, 0, 0, 12, 6, 4, 1]
3 3
[17.0, 4.242640687119285, 3.0, 1.4142135623730951, 1.0, 4.242640687119285, 4.0, 8.48528137423857, 0, 0, 0, 0, 0, 0, 0, 0, 12, 6, 4, 1]
4 1
[1.0, 1.4142135623730951, 3.0, 1.4142135623730951, 1.0, 1.4142135623730951, 17.0, 4.242640687119285, 0, 0, 0, 0, 0, 0, 0, 0, 12, 6, 4, 1]
5 2
[18.0, 7.0710678118654755, 1.0, 2.8284271247461903, 2.0, 2.8284271247461903, 16.0, 2.8284271247461903, 0, 0, 0, 0, 0, 0, 0, 0, 12, 6, 4, 1]
4 3
[17.0, 5.656854249492381, 4.0, 1.4142135623730951, 1.0, 4.242640687119285, 3.0, 16.97056274847714, 0, 0, 0, 0, 0, 0, 0, 0, 12, 6, 4, 1]
5 1
[1.0, 1.4142135623730951, 4.0, 1.4142135623730951, 1.0, 1.4142135623730951, 16.0, 2.8284271247461903, 0, 0, 0, 0, 0, 0, 0, 0, 12, 6, 4, 1]
6 2
[18.0, 8.48528137423857, 1.0, 2.8284271247461903, 2.0, 2.8284271247461903, 15.0, 1.4142135623730951, 0, 0, 0, 0, 0, 0, 0, 0, 12, 6, 4, 1]
5 3
[17.0, 7.0710678118654755, 5.0, 1.4142135623730951, 1.0, 4.242640687119285, 2.0, 2.8284271247461903, 0, 0, 0, 0, 0, 0, 0, 0, 12, 6, 4, 1]
6 1
[1.0, 1.4142135623730951, 5.0, 1.4142135623730951, 1.0, 1.4142135623730951, 15.0, 2.8284271247461903, 0, 0, 0, 0, 0, 0, 0, 0, 12, 6, 4, 1]
7 2
[1.0, 9.899494936611665, 1.0, 2.8284271247461903, 2.0, 2.8284271247461903, 14.0, 1.4142135623730951, 0, 0, 0, 0, 0, 0, 0, 0, 12, 6, 4, 1]
6 3
[17.0, 8.48528137423857, 6.0, 1.4142135623730951, 1.0, 4.242640687119285, 1.0, 1.4142135623730951, 0, 0, 0, 0, 0, 0, 0, 0, 12, 6, 4, 1]
7 1
[2.0, 1.4142135623730951, 1.0, 1.4142135623730951, 1.0, 1.4142135623730951, 14.0, 2.8284271247461903, 0, 0, 0, 0, 0, 0, 0, 0, 12, 6, 4, 1]
5 1
[1.0, 1.4142135623730951, 4.0, 1.4142135623730951, 1.0, 1.4142135623730951, 1.0, 1.4142135623730951, 0, 0, 0, 0, 0, 0, 0, 0, 12, 6, 4, 1]
8 1
[2.0, 11.313708498984761, 1.0, 1.4142135623730951, 1.0, 1.4142135623730951, 13.0, 11.313708498984761, 0, 0, 0, 0, 0, 0, 0, 0, 12, 6, 4, 1]
7 2
[1.0, 9.899494936611665, 1.0, 1.4142135623730951, 1.0, 2.8284271247461903, 14.0, 1.4142135623730951, 0, 0, 0, 0, 0, 0, 0, 0, 12, 6, 4, 1]
8 2
[1.0, 1.4142135623730951, 1.0, 1.4142135623730951, 2.0, 2.8284271247461903, 13.0, 1.4142135623730951, 0, 0, 0, 0, 0, 0, 0, 0, 12, 6, 4, 1]
6 2
[18.0, 8.48528137423857, 1.0, 2.8284271247461903, 1.0, 1.4142135623730951, 1.0, 1.4142135623730951, 0, 0, 0, 0, 0, 0, 0, 0, 12, 6, 3, 0]
8 1
[1.0, 1.4142135623730951, 1.0, 1.4142135623730951, 1.0, 1.4142135623730951, 13.0, 11.313708498984761, 0, 0, 0, 0, 0, 0, 0, 0, 12, 6, 4, 1]
9 2
[1.0, 1.4142135623730951, 1.0, 2.8284271247461903, 2.0, 2.8284271247461903, 12.0, 9.899494936611665, 0, 0, 0, 0, 0, 0, 0, 0, 12, 6, 4, 1]
9 1
[2.0, 1.4142135623730951, 1.0, 1.4142135623730951, 1.0, 1.4142135623730951, 12.0, 11.313708498984761, 0, 0, 0, 0, 0, 0, 0, 0, 12, 6, 4, 1]
7 1
[1.0, 1.4142135623730951, 1.0, 1.4142135623730951, 1.0, 1.4142135623730951, 1.0, 1.4142135623730951, 0, 0, 0, 0, 0, 0, 0, 0, 12, 6, 3, 0]
10 1
[19.0, 2.8284271247461903, 1.0, 1.4142135623730951, 1.0, 1.4142135623730951, 11.0, 11.313708498984761, 0, 0, 0, 0, 0, 0, 0, 0, 12, 6, 4, 1]
9 2
[1.0, 1.4142135623730951, 1.0, 1.4142135623730951, 1.0, 2.8284271247461903, 12.0, 9.899494936611665, 0, 0, 0, 0, 0, 0, 0, 0, 12, 6, 4, 1]
11 1
[19.0, 2.8284271247461903, 1.0, 1.4142135623730951, 1.0, 1.4142135623730951, 10.0, 14.142135623730951, 0, 0, 0, 0, 0, 0, 0, 0, 12, 6, 4, 1]
10 2
[18.0, 1.4142135623730951, 2.0, 1.4142135623730951, 1.0, 2.8284271247461903, 11.0, 9.899494936611665, 0, 0, 0, 0, 0, 0, 0, 0, 12, 6, 4, 1]
11 2
[18.0, 2.8284271247461903, 1.0, 1.4142135623730951, 2.0, 2.8284271247461903, 10.0, 9.899494936611665, 0, 0, 0, 0, 0, 0, 0, 0, 12, 6, 4, 1]
10 3
[17.0, 1.4142135623730951, 1.0, 2.8284271247461903, 1.0, 4.242640687119285, 6.0, 8.48528137423857, 0, 0, 0, 0, 0, 0, 0, 0, 12, 6, 4, 1]
9 2
[1.0, 1.4142135623730951, 1.0, 1.4142135623730951, 1.0, 1.4142135623730951, 1.0, 9.899494936611665, 0, 0, 0, 0, 0, 0, 0, 0, 12, 6, 4, 1]
11 1
[1.0, 1.4142135623730951, 1.0, 1.4142135623730951, 1.0, 1.4142135623730951, 10.0, 14.142135623730951, 0, 0, 0, 0, 0, 0, 0, 0, 12, 6, 4, 1]
12 2
[18.0, 4.242640687119285, 1.0, 2.8284271247461903, 2.0, 2.8284271247461903, 9.0, 12.727922061357855, 0, 0, 0, 0, 0, 0, 0, 0, 12, 6, 4, 1]
11 3
[17.0, 2.8284271247461903, 2.0, 1.4142135623730951, 1.0, 4.242640687119285, 5.0, 8.48528137423857, 0, 0, 0, 0, 0, 0, 0, 0, 12, 6, 4, 1]
12 1
[1.0, 1.4142135623730951, 2.0, 1.4142135623730951, 1.0, 1.4142135623730951, 9.0, 5.656854249492381, 0, 0, 0, 0, 0, 0, 0, 0, 12, 6, 4, 1]
13 2
[18.0, 18.384776310850235, 1.0, 2.8284271247461903, 2.0, 2.8284271247461903, 8.0, 4.242640687119285, 0, 0, 0, 0, 0, 0, 0, 0, 12, 6, 4, 1]
12 3
[17.0, 16.97056274847714, 3.0, 1.4142135623730951, 1.0, 4.242640687119285, 4.0, 8.48528137423857, 0, 0, 0, 0, 0, 0, 0, 0, 12, 6, 4, 1]
13 1
[1.0, 1.4142135623730951, 3.0, 1.4142135623730951, 1.0, 1.4142135623730951, 8.0, 4.242640687119285, 0, 0, 0, 0, 0, 0, 0, 0, 12, 6, 4, 1]
14 2
[18.0, 9.899494936611665, 1.0, 2.8284271247461903, 2.0, 2.8284271247461903, 7.0, 2.8284271247461903, 0, 0, 0, 0, 0, 0, 0, 0, 12, 6, 4, 1]
13 3
[17.0, 8.48528137423857, 4.0, 1.4142135623730951, 1.0, 4.242640687119285, 3.0, 11.313708498984761, 0, 0, 0, 0, 0, 0, 0, 0, 12, 6, 4, 1]
14 1
[1.0, 1.4142135623730951, 4.0, 1.4142135623730951, 1.0, 1.4142135623730951, 7.0, 2.8284271247461903, 0, 0, 0, 0, 0, 0, 0, 0, 12, 6, 4, 1]
15 2
[18.0, 9.899494936611665, 1.0, 2.8284271247461903, 2.0, 2.8284271247461903, 6.0, 1.4142135623730951, 0, 0, 0, 0, 0, 0, 0, 0, 12, 6, 4, 1]
14 3
[17.0, 8.48528137423857, 5.0, 1.4142135623730951, 1.0, 4.242640687119285, 2.0, 2.8284271247461903, 0, 0, 0, 0, 0, 0, 0, 0, 12, 6, 4, 1]
15 1
[1.0, 1.4142135623730951, 5.0, 1.4142135623730951, 1.0, 1.4142135623730951, 6.0, 2.8284271247461903, 0, 0, 0, 0, 0, 0, 0, 0, 12, 6, 4, 1]
16 2
[1.0, 9.899494936611665, 1.0, 2.8284271247461903, 2.0, 2.8284271247461903, 5.0, 1.4142135623730951, 0, 0, 0, 0, 0, 0, 0, 0, 12, 6, 4, 1]
15 3
[17.0, 8.48528137423857, 6.0, 1.4142135623730951, 1.0, 4.242640687119285, 1.0, 1.4142135623730951, 0, 0, 0, 0, 0, 0, 0, 0, 12, 6, 4, 1]
15 4
[16.0, 8.48528137423857, 6.0, 2.8284271247461903, 1.0, 1.4142135623730951, 1.0, 1.4142135623730951, 0, 0, 0, 0, 0, 0, 0, 0, 12, 6, 4, 1]
14 3
[17.0, 8.48528137423857, 5.0, 1.4142135623730951, 1.0, 1.4142135623730951, 1.0, 2.8284271247461903, 0, 0, 0, 0, 0, 0, 0, 0, 12, 6, 4, 1]
14 2
[1.0, 9.899494936611665, 1.0, 2.8284271247461903, 2.0, 2.8284271247461903, 1.0, 1.4142135623730951, 0, 0, 0, 0, 0, 0, 0, 0, 12, 6, 3, 0]
14 4
[16.0, 7.0710678118654755, 5.0, 2.8284271247461903, 1.0, 1.4142135623730951, 2.0, 9.899494936611665, 0, 0, 0, 0, 0, 0, 0, 0, 12, 6, 4, 1]
13 3
[17.0, 8.48528137423857, 4.0, 1.4142135623730951, 1.0, 1.4142135623730951, 1.0, 11.313708498984761, 0, 0, 0, 0, 0, 0, 0, 0, 12, 6, 4, 1]
15 4
[16.0, 8.48528137423857, 1.0, 1.4142135623730951, 1.0, 1.4142135623730951, 1.0, 1.4142135623730951, 0, 0, 0, 0, 0, 0, 0, 0, 12, 6, 4, 1]
14 5
[15.0, 7.0710678118654755, 5.0, 4.242640687119285, 1.0, 2.8284271247461903, 2.0, 5.656854249492381, 0, 0, 0, 0, 0, 0, 0, 0, 12, 6, 4, 1]
13 4
[16.0, 7.0710678118654755, 4.0, 2.8284271247461903, 2.0, 1.4142135623730951, 1.0, 7.0710678118654755, 0, 0, 0, 0, 0, 0, 0, 0, 12, 6, 4, 1]
13 3
[1.0, 8.48528137423857, 4.0, 1.4142135623730951, 1.0, 1.4142135623730951, 1.0, 1.4142135623730951, 0, 0, 0, 0, 0, 0, 0, 0, 12, 6, 4, 1]
13 5
[15.0, 5.656854249492381, 4.0, 4.242640687119285, 1.0, 1.4142135623730951, 3.0, 5.656854249492381, 0, 0, 0, 0, 0, 0, 0, 0, 12, 6, 4, 1]
12 4
[16.0, 7.0710678118654755, 3.0, 2.8284271247461903, 2.0, 2.8284271247461903, 1.0, 7.0710678118654755, 0, 0, 0, 0, 0, 0, 0, 0, 12, 6, 4, 1]
14 5
[15.0, 7.0710678118654755, 1.0, 1.4142135623730951, 1.0, 2.8284271247461903, 2.0, 5.656854249492381, 0, 0, 0, 0, 0, 0, 0, 0, 12, 6, 4, 1]
13 6
[14.0, 5.656854249492381, 13.0, 7.0710678118654755, 1.0, 4.242640687119285, 8.0, 4.242640687119285, 0, 0, 0, 0, 0, 0, 0, 0, 12, 6, 4, 1]
12 5
[15.0, 5.656854249492381, 3.0, 5.656854249492381, 3.0, 1.4142135623730951, 1.0, 5.656854249492381, 0, 0, 0, 0, 0, 0, 0, 0, 12, 6, 4, 1]
14 6
[14.0, 7.0710678118654755, 1.0, 1.4142135623730951, 2.0, 2.8284271247461903, 7.0, 4.242640687119285, 0, 0, 0, 0, 0, 0, 0, 0, 12, 6, 4, 1]
13 7
[13.0, 5.656854249492381, 13.0, 5.656854249492381, 1.0, 4.242640687119285, 8.0, 4.242640687119285, 0, 0, 0, 0, 0, 0, 0, 0, 12, 6, 4, 1]
12 6
[14.0, 4.242640687119285, 12.0, 4.242640687119285, 4.0, 1.4142135623730951, 1.0, 5.656854249492381, 0, 0, 0, 0, 0, 0, 0, 0, 12, 6, 4, 1]
14 7
[13.0, 18.384776310850235, 1.0, 1.4142135623730951, 3.0, 2.8284271247461903, 7.0, 2.8284271247461903, 0, 0, 0, 0, 0, 0, 0, 0, 12, 6, 4, 1]
13 8
[12.0, 16.97056274847714, 13.0, 5.656854249492381, 1.0, 4.242640687119285, 8.0, 4.242640687119285, 0, 0, 0, 0, 0, 0, 0, 0, 12, 6, 4, 1]
12 7
[13.0, 4.242640687119285, 12.0, 4.242640687119285, 5.0, 1.4142135623730951, 1.0, 5.656854249492381, 0, 0, 0, 0, 0, 0, 0, 0, 12, 6, 4, 1]
14 8
[12.0, 9.899494936611665, 1.0, 1.4142135623730951, 4.0, 4.242640687119285, 7.0, 2.8284271247461903, 0, 0, 0, 0, 0, 0, 0, 0, 12, 6, 4, 1]
13 9
[11.0, 8.48528137423857, 4.0, 5.656854249492381, 1.0, 5.656854249492381, 3.0, 11.313708498984761, 0, 0, 0, 0, 0, 0, 0, 0, 12, 6, 4, 1]
12 8
[12.0, 4.242640687119285, 12.0, 4.242640687119285, 6.0, 1.4142135623730951, 1.0, 12.727922061357855, 0, 0, 0, 0, 0, 0, 0, 0, 12, 6, 4, 1]
12 7
[1.0, 4.242640687119285, 12.0, 4.242640687119285, 5.0, 1.4142135623730951, 1.0, 1.4142135623730951, 0, 0, 0, 0, 0, 0, 0, 0, 12, 6, 4, 1]
12 9
[11.0, 15.556349186104045, 3.0, 5.656854249492381, 1.0, 1.4142135623730951, 4.0, 8.48528137423857, 0, 0, 0, 0, 0, 0, 0, 0, 12, 6, 4, 1]
11 8
[12.0, 2.8284271247461903, 11.0, 4.242640687119285, 6.0, 2.8284271247461903, 1.0, 9.899494936611665, 0, 0, 0, 0, 0, 0, 0, 0, 12, 6, 4, 1]
11 7
[1.0, 2.8284271247461903, 11.0, 2.8284271247461903, 5.0, 2.8284271247461903, 2.0, 1.4142135623730951, 0, 0, 0, 0, 0, 0, 0, 0, 12, 6, 4, 1]
11 9
[11.0, 2.8284271247461903, 2.0, 5.656854249492381, 1.0, 1.4142135623730951, 5.0, 8.48528137423857, 0, 0, 0, 0, 0, 0, 0, 0, 12, 6, 4, 1]
10 8
[12.0, 1.4142135623730951, 10.0, 4.242640687119285, 6.0, 4.242640687119285, 1.0, 9.899494936611665, 0, 0, 0, 0, 0, 0, 0, 0, 12, 6, 4, 1]
11 6
[1.0, 4.242640687119285, 11.0, 2.8284271247461903, 4.0, 2.8284271247461903, 2.0, 2.8284271247461903, 0, 0, 0, 0, 0, 0, 0, 0, 12, 6, 4, 1]
12 7
[1.0, 1.4142135623730951, 1.0, 4.242640687119285, 5.0, 1.4142135623730951, 1.0, 1.4142135623730951, 0, 0, 0, 0, 0, 0, 0, 0, 12, 6, 4, 1]
10 7
[13.0, 2.8284271247461903, 10.0, 2.8284271247461903, 5.0, 4.242640687119285, 1.0, 1.4142135623730951, 0, 0, 0, 0, 0, 0, 0, 0, 12, 6, 4, 1]
10 6
[1.0, 4.242640687119285, 10.0, 1.4142135623730951, 4.0, 5.656854249492381, 3.0, 1.4142135623730951, 0, 0, 0, 0, 0, 0, 0, 0, 12, 6, 4, 1]
10 8
[12.0, 1.4142135623730951, 10.0, 4.242640687119285, 1.0, 1.4142135623730951, 1.0, 9.899494936611665, 0, 0, 0, 0, 0, 0, 0, 0, 12, 6, 4, 1]
9 7
[2.0, 2.8284271247461903, 9.0, 2.8284271247461903, 2.0, 7.0710678118654755, 1.0, 11.313708498984761, 0, 0, 0, 0, 0, 0, 0, 0, 12, 6, 4, 1]
10 5
[1.0, 14.142135623730951, 1.0, 1.4142135623730951, 3.0, 4.242640687119285, 3.0, 4.242640687119285, 0, 0, 0, 0, 0, 0, 0, 0, 12, 6, 4, 1]
11 6
[1.0, 1.4142135623730951, 1.0, 2.8284271247461903, 4.0, 2.8284271247461903, 2.0, 2.8284271247461903, 0, 0, 0, 0, 0, 0, 0, 0, 12, 6, 4, 1]
9 6
[3.0, 12.727922061357855, 9.0, 1.4142135623730951, 1.0, 5.656854249492381, 1.0, 1.4142135623730951, 0, 0, 0, 0, 0, 0, 0, 0, 12, 6, 4, 1]
9 7
[2.0, 2.8284271247461903, 9.0, 2.8284271247461903, 1.0, 1.4142135623730951, 1.0, 11.313708498984761, 0, 0, 0, 0, 0, 0, 0, 0, 12, 6, 4, 1]
8 6
[3.0, 11.313708498984761, 8.0, 1.4142135623730951, 1.0, 1.4142135623730951, 1.0, 12.727922061357855, 0, 0, 0, 0, 0, 0, 0, 0, 12, 6, 4, 1]
8 7
[2.0, 11.313708498984761, 8.0, 7.0710678118654755, 1.0, 1.4142135623730951, 2.0, 11.313708498984761, 0, 0, 0, 0, 0, 0, 0, 0, 12, 6, 4, 1]
7 6
[3.0, 9.899494936611665, 7.0, 5.656854249492381, 1.0, 1.4142135623730951, 1.0, 12.727922061357855, 0, 0, 0, 0, 0, 0, 0, 0, 12, 6, 4, 1]
9 7
[2.0, 2.8284271247461903, 1.0, 1.4142135623730951, 1.0, 1.4142135623730951, 1.0, 11.313708498984761, 0, 0, 0, 0, 0, 0, 0, 0, 12, 6, 4, 1]
8 8
[1.0, 1.4142135623730951, 8.0, 8.48528137423857, 1.0, 2.8284271247461903, 3.0, 1.4142135623730951, 0, 0, 0, 0, 0, 0, 0, 0, 12, 6, 4, 1]
7 7
[2.0, 9.899494936611665, 7.0, 7.0710678118654755, 2.0, 1.4142135623730951, 1.0, 2.8284271247461903, 0, 0, 0, 0, 0, 0, 0, 0, 12, 6, 4, 1]
9 8
[1.0, 1.4142135623730951, 1.0, 1.4142135623730951, 2.0, 1.4142135623730951, 2.0, 9.899494936611665, 0, 0, 0, 0, 0, 0, 0, 0, 12, 6, 4, 1]
7 8
[1.0, 9.899494936611665, 7.0, 8.48528137423857, 3.0, 1.4142135623730951, 1.0, 1.4142135623730951, 0, 0, 0, 0, 0, 0, 0, 0, 12, 6, 4, 1]
7 7
[1.0, 9.899494936611665, 7.0, 7.0710678118654755, 2.0, 1.4142135623730951, 1.0, 1.4142135623730951, 0, 0, 0, 0, 0, 0, 0, 0, 12, 6, 4, 1]
6 8
[12.0, 8.48528137423857, 6.0, 8.48528137423857, 6.0, 2.8284271247461903, 1.0, 1.4142135623730951, 0, 0, 0, 0, 0, 0, 0, 0, 12, 6, 4, 1]
6 7
[1.0, 8.48528137423857, 6.0, 7.0710678118654755, 5.0, 2.8284271247461903, 2.0, 1.4142135623730951, 0, 0, 0, 0, 0, 0, 0, 0, 12, 6, 4, 1]
6 9
[11.0, 8.48528137423857, 6.0, 8.48528137423857, 1.0, 1.4142135623730951, 1.0, 1.4142135623730951, 0, 0, 0, 0, 0, 0, 0, 0, 12, 6, 4, 1]
5 8
[12.0, 7.0710678118654755, 5.0, 7.0710678118654755, 6.0, 4.242640687119285, 1.0, 2.8284271247461903, 0, 0, 0, 0, 0, 0, 0, 0, 12, 6, 4, 1]
5 7
[1.0, 7.0710678118654755, 5.0, 7.0710678118654755, 5.0, 2.8284271247461903, 3.0, 1.4142135623730951, 0, 0, 0, 0, 0, 0, 0, 0, 12, 6, 4, 1]
5 9
[11.0, 7.0710678118654755, 5.0, 7.0710678118654755, 1.0, 1.4142135623730951, 2.0, 2.8284271247461903, 0, 0, 0, 0, 0, 0, 0, 0, 12, 6, 4, 1]
4 8
[12.0, 5.656854249492381, 4.0, 5.656854249492381, 6.0, 4.242640687119285, 1.0, 4.242640687119285, 0, 0, 0, 0, 0, 0, 0, 0, 12, 6, 4, 1]
6 9
[11.0, 8.48528137423857, 1.0, 1.4142135623730951, 1.0, 1.4142135623730951, 1.0, 1.4142135623730951, 0, 0, 0, 0, 0, 0, 0, 0, 12, 6, 4, 1]
5 10
[10.0, 7.0710678118654755, 5.0, 7.0710678118654755, 1.0, 2.8284271247461903, 2.0, 11.313708498984761, 0, 0, 0, 0, 0, 0, 0, 1, 12, 6, 4, 1]
4 9
[11.0, 5.656854249492381, 4.0, 5.656854249492381, 7.0, 1.4142135623730951, 1.0, 12.727922061357855, 0, 0, 0, 0, 0, 0, 0, 1, 12, 6, 4, 1]
6 8
[1.0, 1.4142135623730951, 1.0, 8.48528137423857, 6.0, 2.8284271247461903, 1.0, 1.4142135623730951, 0, 0, 0, 0, 0, 0, 0, 0, 12, 6, 3, 0]
6 10
[10.0, 8.48528137423857, 6.0, 1.4142135623730951, 1.0, 1.4142135623730951, 1.0, 1.4142135623730951, 0, 0, 0, 0, 0, 0, 0, 0, 12, 6, 4, 1]
6 11
[9.0, 8.48528137423857, 6.0, 8.48528137423857, 1.0, 1.4142135623730951, 1.0, 9.899494936611665, 0, 0, 0, 0, 0, 0, 0, 1, 12, 6, 4, 1]
5 10
[10.0, 7.0710678118654755, 5.0, 7.0710678118654755, 1.0, 1.4142135623730951, 1.0, 11.313708498984761, 0, 0, 0, 0, 0, 0, 0, 1, 12, 6, 4, 1]
5 9
[1.0, 7.0710678118654755, 5.0, 7.0710678118654755, 1.0, 1.4142135623730951, 1.0, 1.4142135623730951, 0, 0, 0, 0, 0, 0, 0, 0, 12, 6, 3, 0]
5 11
[9.0, 7.0710678118654755, 5.0, 7.0710678118654755, 1.0, 1.4142135623730951, 2.0, 5.656854249492381, 0, 0, 0, 0, 0, 0, 0, 0, 12, 6, 4, 1]
4 10
[10.0, 5.656854249492381, 4.0, 5.656854249492381, 8.0, 1.4142135623730951, 1.0, 7.0710678118654755, 0, 0, 0, 0, 0, 0, 0, 0, 12, 6, 4, 1]
4 9
[1.0, 5.656854249492381, 4.0, 5.656854249492381, 7.0, 1.4142135623730951, 1.0, 1.4142135623730951, 0, 0, 0, 0, 0, 0, 0, 0, 12, 6, 4, 1]
4 11
[9.0, 5.656854249492381, 4.0, 5.656854249492381, 1.0, 1.4142135623730951, 3.0, 5.656854249492381, 0, 0, 0, 0, 0, 0, 0, 0, 12, 6, 4, 1]
3 10
[10.0, 4.242640687119285, 3.0, 4.242640687119285, 8.0, 2.8284271247461903, 1.0, 7.0710678118654755, 0, 0, 0, 0, 0, 0, 0, 0, 12, 6, 4, 1]
5 11
[9.0, 7.0710678118654755, 1.0, 1.4142135623730951, 1.0, 1.4142135623730951, 2.0, 5.656854249492381, 0, 0, 0, 0, 0, 0, 0, 0, 12, 6, 4, 1]
4 12
[8.0, 5.656854249492381, 4.0, 5.656854249492381, 1.0, 2.8284271247461903, 17.0, 4.242640687119285, 0, 0, 0, 0, 0, 0, 0, 0, 12, 6, 4, 1]
3 11
[9.0, 4.242640687119285, 3.0, 4.242640687119285, 9.0, 1.4142135623730951, 1.0, 5.656854249492381, 0, 0, 0, 0, 0, 0, 0, 0, 12, 6, 4, 1]
5 12
[8.0, 7.0710678118654755, 1.0, 1.4142135623730951, 2.0, 2.8284271247461903, 16.0, 4.242640687119285, 0, 0, 0, 0, 0, 0, 0, 0, 12, 6, 4, 1]
4 13
[7.0, 5.656854249492381, 4.0, 5.656854249492381, 1.0, 4.242640687119285, 17.0, 4.242640687119285, 0, 0, 0, 0, 0, 0, 0, 0, 12, 6, 4, 1]
3 12
[8.0, 4.242640687119285, 3.0, 4.242640687119285, 10.0, 1.4142135623730951, 1.0, 5.656854249492381, 0, 0, 0, 0, 0, 0, 0, 0, 12, 6, 4, 1]
5 13
[7.0, 7.0710678118654755, 1.0, 1.4142135623730951, 3.0, 2.8284271247461903, 16.0, 2.8284271247461903, 0, 0, 0, 0, 0, 0, 0, 0, 12, 6, 4, 1]
4 14
[6.0, 5.656854249492381, 4.0, 5.656854249492381, 1.0, 4.242640687119285, 17.0, 4.242640687119285, 0, 0, 0, 0, 0, 0, 0, 0, 12, 6, 4, 1]
3 13
[7.0, 4.242640687119285, 3.0, 4.242640687119285, 11.0, 1.4142135623730951, 1.0, 5.656854249492381, 0, 0, 0, 0, 0, 0, 0, 0, 12, 6, 4, 1]
5 14
[6.0, 7.0710678118654755, 1.0, 1.4142135623730951, 4.0, 4.242640687119285, 16.0, 2.8284271247461903, 0, 0, 0, 0, 0, 0, 0, 0, 12, 6, 4, 1]
4 15
[5.0, 5.656854249492381, 4.0, 5.656854249492381, 1.0, 5.656854249492381, 3.0, 7.0710678118654755, 0, 0, 0, 0, 0, 0, 0, 0, 12, 6, 4, 1]
3 14
[6.0, 4.242640687119285, 3.0, 4.242640687119285, 12.0, 1.4142135623730951, 1.0, 8.48528137423857, 0, 0, 0, 0, 0, 0, 0, 0, 12, 6, 4, 1]
5 13
[1.0, 1.4142135623730951, 1.0, 1.4142135623730951, 3.0, 2.8284271247461903, 16.0, 2.8284271247461903, 0, 0, 0, 0, 0, 0, 0, 0, 12, 6, 4, 1]
6 14
[6.0, 8.48528137423857, 1.0, 2.8284271247461903, 4.0, 4.242640687119285, 15.0, 1.4142135623730951, 0, 0, 0, 0, 0, 0, 0, 0, 12, 6, 4, 1]
5 15
[5.0, 7.0710678118654755, 5.0, 1.4142135623730951, 1.0, 5.656854249492381, 2.0, 2.8284271247461903, 0, 0, 0, 0, 0, 0, 0, 0, 12, 6, 4, 1]
6 13
[1.0, 1.4142135623730951, 2.0, 2.8284271247461903, 3.0, 2.8284271247461903, 15.0, 2.8284271247461903, 0, 0, 0, 0, 0, 0, 0, 0, 12, 6, 4, 1]
7 14
[1.0, 8.48528137423857, 1.0, 4.242640687119285, 3.0, 8.48528137423857, 14.0, 1.4142135623730951, 0, 0, 0, 0, 0, 0, 0, 0, 12, 6, 4, 1]
6 15
[5.0, 7.0710678118654755, 6.0, 1.4142135623730951, 1.0, 9.899494936611665, 1.0, 1.4142135623730951, 0, 0, 0, 0, 0, 0, 0, 0, 12, 6, 4, 1]
6 12
[1.0, 2.8284271247461903, 2.0, 2.8284271247461903, 2.0, 1.4142135623730951, 15.0, 4.242640687119285, 0, 0, 0, 0, 0, 0, 0, 0, 12, 6, 4, 1]
7 13
[2.0, 1.4142135623730951, 1.0, 4.242640687119285, 2.0, 2.8284271247461903, 14.0, 2.8284271247461903, 0, 0, 0, 0, 0, 0, 0, 0, 12, 6, 4, 1]
5 13
[1.0, 1.4142135623730951, 1.0, 1.4142135623730951, 3.0, 2.8284271247461903, 1.0, 1.4142135623730951, 0, 0, 0, 0, 0, 0, 0, 0, 12, 6, 4, 1]
6 11
[1.0, 2.8284271247461903, 2.0, 1.4142135623730951, 1.0, 1.4142135623730951, 1.0, 9.899494936611665, 0, 0, 0, 0, 0, 0, 0, 1, 12, 6, 4, 1]
7 12
[3.0, 1.4142135623730951, 1.0, 2.8284271247461903, 1.0, 1.4142135623730951, 14.0, 8.48528137423857, 0, 0, 0, 0, 0, 0, 0, 1, 12, 6, 4, 1]
5 12
[2.0, 1.4142135623730951, 1.0, 1.4142135623730951, 2.0, 2.8284271247461903, 1.0, 1.4142135623730951, 0, 0, 0, 0, 0, 0, 0, 0, 12, 6, 4, 1]
8 12
[3.0, 2.8284271247461903, 1.0, 1.4142135623730951, 1.0, 1.4142135623730951, 13.0, 8.48528137423857, 0, 0, 0, 0, 0, 0, 0, 1, 12, 6, 4, 1]
7 13
[2.0, 1.4142135623730951, 1.0, 1.4142135623730951, 1.0, 2.8284271247461903, 14.0, 2.8284271247461903, 0, 0, 0, 0, 0, 0, 0, 0, 12, 6, 4, 1]
8 13
[2.0, 9.899494936611665, 1.0, 1.4142135623730951, 2.0, 7.0710678118654755, 13.0, 7.0710678118654755, 0, 0, 0, 0, 0, 0, 0, 1, 12, 6, 4, 1]
7 14
[1.0, 8.48528137423857, 1.0, 1.4142135623730951, 1.0, 8.48528137423857, 14.0, 1.4142135623730951, 0, 0, 0, 0, 0, 0, 0, 0, 12, 6, 4, 1]
6 13
[1.0, 1.4142135623730951, 2.0, 2.8284271247461903, 1.0, 1.4142135623730951, 1.0, 2.8284271247461903, 0, 0, 0, 0, 0, 0, 0, 0, 12, 6, 3, 0]
8 14
[1.0, 1.4142135623730951, 1.0, 1.4142135623730951, 3.0, 12.727922061357855, 13.0, 1.4142135623730951, 0, 0, 0, 0, 0, 0, 0, 0, 12, 6, 4, 1]
6 14
[4.0, 8.48528137423857, 1.0, 2.8284271247461903, 1.0, 1.4142135623730951, 1.0, 1.4142135623730951, 1, 0, 0, 0, 0, 0, 0, 0, 12, 6, 3, 0]
8 13
[1.0, 1.4142135623730951, 1.0, 1.4142135623730951, 2.0, 7.0710678118654755, 13.0, 7.0710678118654755, 0, 0, 0, 0, 0, 0, 0, 1, 12, 6, 4, 1]
9 14
[1.0, 1.4142135623730951, 1.0, 2.8284271247461903, 3.0, 12.727922061357855, 12.0, 5.656854249492381, 0, 0, 0, 0, 0, 0, 0, 1, 12, 6, 4, 1]
8 12
[1.0, 1.4142135623730951, 1.0, 1.4142135623730951, 1.0, 1.4142135623730951, 13.0, 8.48528137423857, 0, 0, 0, 0, 0, 0, 0, 1, 12, 6, 4, 1]
9 13
[2.0, 1.4142135623730951, 1.0, 2.8284271247461903, 2.0, 11.313708498984761, 12.0, 7.0710678118654755, 0, 0, 0, 0, 0, 0, 0, 1, 12, 6, 4, 1]
7 13
[1.0, 1.4142135623730951, 1.0, 1.4142135623730951, 1.0, 2.8284271247461903, 1.0, 1.4142135623730951, 0, 0, 0, 0, 0, 0, 0, 0, 12, 6, 3, 0]
9 12
[3.0, 1.4142135623730951, 1.0, 1.4142135623730951, 1.0, 5.656854249492381, 12.0, 8.48528137423857, 0, 0, 0, 0, 0, 0, 0, 1, 12, 6, 4, 1]
7 12
[1.0, 1.4142135623730951, 1.0, 2.8284271247461903, 1.0, 1.4142135623730951, 1.0, 1.4142135623730951, 0, 0, 0, 0, 0, 0, 0, 0, 12, 6, 3, 0]
10 12
[7.0, 2.8284271247461903, 1.0, 1.4142135623730951, 5.0, 9.899494936611665, 11.0, 8.48528137423857, 1, 0, 0, 0, 0, 0, 0, 1, 12, 6, 4, 1]
9 13
[2.0, 1.4142135623730951, 1.0, 1.4142135623730951, 1.0, 11.313708498984761, 12.0, 7.0710678118654755, 0, 0, 0, 0, 0, 0, 0, 1, 12, 6, 4, 1]
10 11
[1.0, 1.4142135623730951, 1.0, 1.4142135623730951, 4.0, 4.242640687119285, 6.0, 8.48528137423857, 0, 0, 0, 0, 0, 0, 0, 0, 12, 6, 4, 1]
11 12
[6.0, 4.242640687119285, 1.0, 2.8284271247461903, 4.0, 9.899494936611665, 10.0, 7.0710678118654755, 1, 0, 0, 0, 0, 0, 0, 0, 12, 6, 4, 1]
10 13
[6.0, 2.8284271247461903, 2.0, 1.4142135623730951, 1.0, 11.313708498984761, 11.0, 7.0710678118654755, 1, 0, 0, 0, 0, 0, 0, 1, 12, 6, 4, 1]
11 13
[5.0, 2.8284271247461903, 1.0, 1.4142135623730951, 5.0, 14.142135623730951, 10.0, 7.0710678118654755, 1, 0, 0, 0, 0, 0, 0, 1, 12, 6, 4, 1]
10 14
[5.0, 1.4142135623730951, 2.0, 2.8284271247461903, 1.0, 15.556349186104045, 11.0, 5.656854249492381, 1, 0, 0, 0, 0, 0, 0, 1, 12, 6, 4, 1]
9 13
[2.0, 1.4142135623730951, 1.0, 1.4142135623730951, 1.0, 1.4142135623730951, 1.0, 7.0710678118654755, 0, 0, 0, 0, 0, 0, 0, 1, 12, 6, 4, 1]
11 14
[4.0, 2.8284271247461903, 1.0, 1.4142135623730951, 6.0, 7.0710678118654755, 10.0, 5.656854249492381, 1, 0, 0, 0, 0, 0, 0, 1, 12, 6, 4, 1]
10 15
[4.0, 1.4142135623730951, 1.0, 2.8284271247461903, 1.0, 8.48528137423857, 6.0, 4.242640687119285, 1, 0, 0, 0, 0, 0, 0, 1, 12, 6, 4, 1]
9 14
[1.0, 1.4142135623730951, 1.0, 1.4142135623730951, 2.0, 1.4142135623730951, 1.0, 5.656854249492381, 0, 0, 0, 0, 0, 0, 0, 1, 12, 6, 4, 1]
11 13
[1.0, 1.4142135623730951, 1.0, 1.4142135623730951, 5.0, 14.142135623730951, 10.0, 7.0710678118654755, 0, 0, 0, 0, 0, 0, 0, 1, 12, 6, 4, 1]
12 14
[4.0, 4.242640687119285, 1.0, 2.8284271247461903, 6.0, 5.656854249492381, 9.0, 5.656854249492381, 1, 0, 0, 0, 0, 0, 0, 1, 12, 6, 4, 1]
11 15
[3.0, 2.8284271247461903, 2.0, 1.4142135623730951, 1.0, 7.0710678118654755, 5.0, 4.242640687119285, 1, 0, 0, 0, 0, 0, 0, 1, 12, 6, 4, 1]
12 13
[1.0, 1.4142135623730951, 2.0, 4.242640687119285, 5.0, 5.656854249492381, 9.0, 5.656854249492381, 0, 0, 0, 0, 0, 0, 0, 0, 12, 6, 4, 2]
13 14
[4.0, 5.656854249492381, 1.0, 5.656854249492381, 6.0, 4.242640687119285, 8.0, 4.242640687119285, 1, 1, 0, 0, 0, 0, 0, 0, 12, 6, 4, 2]
12 15
[3.0, 4.242640687119285, 3.0, 1.4142135623730951, 1.0, 5.656854249492381, 4.0, 4.242640687119285, 1, 1, 0, 0, 0, 0, 0, 1, 12, 6, 4, 2]
12 12
[1.0, 2.8284271247461903, 2.0, 4.242640687119285, 4.0, 12.727922061357855, 9.0, 5.656854249492381, 0, 0, 0, 0, 0, 0, 0, 0, 12, 6, 4, 3]
13 13
[5.0, 1.4142135623730951, 1.0, 5.656854249492381, 5.0, 4.242640687119285, 8.0, 4.242640687119285, 1, 0, 0, 0, 0, 0, 0, 0, 12, 6, 4, 3]
11 13
[1.0, 1.4142135623730951, 1.0, 1.4142135623730951, 5.0, 14.142135623730951, 1.0, 1.4142135623730951, 0, 0, 0, 0, 0, 0, 0, 0, 12, 6, 4, 3]
13 12
[1.0, 1.4142135623730951, 3.0, 7.0710678118654755, 4.0, 4.242640687119285, 8.0, 4.242640687119285, 0, 0, 0, 0, 0, 0, 0, 0, 12, 6, 4, 4]
14 13
[5.0, 7.0710678118654755, 1.0, 8.48528137423857, 9.0, 2.8284271247461903, 7.0, 2.8284271247461903, 1, 1, 0, 0, 0, 0, 0, 0, 12, 6, 4, 4]
13 14
[4.0, 5.656854249492381, 1.0, 1.4142135623730951, 1.0, 4.242640687119285, 8.0, 4.242640687119285, 1, 1, 0, 0, 0, 0, 0, 0, 12, 6, 4, 4]
13 11
[1.0, 4.242640687119285, 4.0, 7.0710678118654755, 3.0, 11.313708498984761, 3.0, 5.656854249492381, 0, 0, 0, 0, 0, 0, 0, 0, 12, 6, 4, 5]
14 12
[6.0, 1.4142135623730951, 1.0, 8.48528137423857, 8.0, 2.8284271247461903, 7.0, 4.242640687119285, 1, 0, 0, 0, 0, 0, 0, 0, 12, 6, 4, 5]
12 12
[1.0, 2.8284271247461903, 2.0, 4.242640687119285, 4.0, 12.727922061357855, 1.0, 1.4142135623730951, 0, 0, 0, 0, 0, 0, 0, 0, 12, 6, 4, 5]
14 11
[1.0, 1.4142135623730951, 5.0, 4.242640687119285, 7.0, 2.8284271247461903, 2.0, 5.656854249492381, 0, 0, 0, 0, 0, 0, 0, 0, 12, 6, 4, 6]
15 12
[6.0, 8.48528137423857, 1.0, 5.656854249492381, 9.0, 1.4142135623730951, 6.0, 4.242640687119285, 1, 1, 0, 0, 0, 0, 0, 0, 12, 6, 4, 6]
14 13
[5.0, 7.0710678118654755, 1.0, 1.4142135623730951, 1.0, 2.8284271247461903, 7.0, 2.8284271247461903, 1, 1, 0, 0, 0, 0, 0, 0, 12, 6, 4, 6]
15 11
[1.0, 1.4142135623730951, 6.0, 4.242640687119285, 8.0, 1.4142135623730951, 1.0, 8.48528137423857, 0, 0, 0, 0, 0, 0, 0, 0, 12, 6, 4, 7]
16 12
[3.0, 9.899494936611665, 1.0, 5.656854249492381, 1.0, 1.4142135623730951, 5.0, 7.0710678118654755, 0, 1, 0, 0, 0, 0, 0, 0, 12, 6, 4, 7]
15 13
[5.0, 8.48528137423857, 2.0, 1.4142135623730951, 1.0, 2.8284271247461903, 6.0, 2.8284271247461903, 1, 1, 0, 0, 0, 0, 0, 0, 12, 6, 4, 7]
16 13
[2.0, 7.0710678118654755, 1.0, 1.4142135623730951, 2.0, 2.8284271247461903, 5.0, 2.8284271247461903, 0, 1, 0, 0, 0, 0, 0, 0, 12, 6, 4, 7]
15 14
[4.0, 5.656854249492381, 3.0, 2.8284271247461903, 1.0, 4.242640687119285, 6.0, 1.4142135623730951, 1, 1, 0, 0, 0, 0, 0, 0, 12, 6, 4, 7]
14 13
[5.0, 7.0710678118654755, 1.0, 1.4142135623730951, 1.0, 1.4142135623730951, 1.0, 2.8284271247461903, 1, 1, 0, 0, 0, 0, 0, 0, 12, 6, 4, 7]
16 14
[1.0, 5.656854249492381, 1.0, 1.4142135623730951, 3.0, 7.0710678118654755, 5.0, 1.4142135623730951, 0, 1, 0, 0, 0, 0, 0, 0, 12, 6, 4, 7]
15 15
[3.0, 4.242640687119285, 6.0, 2.8284271247461903, 1.0, 8.48528137423857, 1.0, 1.4142135623730951, 1, 1, 0, 0, 0, 0, 0, 0, 12, 6, 4, 7]
14 14
[4.0, 5.656854249492381, 2.0, 1.4142135623730951, 2.0, 1.4142135623730951, 1.0, 2.8284271247461903, 1, 1, 0, 0, 0, 0, 0, 0, 12, 6, 4, 7]
15 16
[2.0, 2.8284271247461903, 6.0, 4.242640687119285, 1.0, 1.4142135623730951, 1.0, 1.4142135623730951, 1, 1, 0, 0, 0, 0, 0, 0, 12, 6, 4, 7]
14 15
[3.0, 4.242640687119285, 5.0, 2.8284271247461903, 3.0, 1.4142135623730951, 1.0, 2.8284271247461903, 1, 1, 0, 0, 0, 0, 0, 0, 12, 6, 4, 7]
14 14
[1.0, 5.656854249492381, 2.0, 1.4142135623730951, 2.0, 1.4142135623730951, 1.0, 1.4142135623730951, 0, 1, 0, 0, 0, 0, 0, 0, 12, 6, 4, 7]
14 16
[2.0, 2.8284271247461903, 4.0, 2.8284271247461903, 1.0, 1.4142135623730951, 2.0, 2.8284271247461903, 1, 1, 1, 0, 0, 0, 0, 1, 12, 6, 4, 7]
13 15
[3.0, 4.242640687119285, 4.0, 1.4142135623730951, 2.0, 2.8284271247461903, 1.0, 4.242640687119285, 1, 1, 0, 0, 0, 0, 0, 1, 12, 6, 4, 7]
13 14
[1.0, 4.242640687119285, 1.0, 1.4142135623730951, 1.0, 2.8284271247461903, 2.0, 1.4142135623730951, 0, 1, 0, 0, 0, 0, 0, 0, 12, 6, 4, 7]
13 16
[2.0, 2.8284271247461903, 3.0, 2.8284271247461903, 1.0, 1.4142135623730951, 3.0, 2.8284271247461903, 1, 1, 1, 0, 0, 0, 0, 1, 12, 6, 4, 7]
12 15
[3.0, 2.8284271247461903, 2.0, 1.4142135623730951, 1.0, 4.242640687119285, 1.0, 4.242640687119285, 1, 1, 1, 0, 0, 0, 0, 1, 12, 6, 4, 7]
14 16
[2.0, 2.8284271247461903, 1.0, 1.4142135623730951, 1.0, 1.4142135623730951, 2.0, 2.8284271247461903, 1, 1, 0, 0, 0, 0, 0, 1, 12, 6, 4, 7]
13 17
[1.0, 1.4142135623730951, 3.0, 2.8284271247461903, 1.0, 2.8284271247461903, 3.0, 1.4142135623730951, 1, 1, 1, 1, 0, 0, 0, 1, 12, 6, 4, 7]
12 16
[2.0, 2.8284271247461903, 2.0, 1.4142135623730951, 2.0, 1.4142135623730951, 1.0, 2.8284271247461903, 1, 1, 1, 1, 0, 0, 0, 1, 12, 6, 4, 7]
14 17
[1.0, 1.4142135623730951, 1.0, 1.4142135623730951, 2.0, 2.8284271247461903, 2.0, 1.4142135623730951, 1, 1, 0, 0, 0, 0, 0, 1, 12, 6, 4, 7]
13 18
[1.0, 1.4142135623730951, 1.0, 2.8284271247461903, 1.0, 4.242640687119285, 1.0, 1.4142135623730951, 1, 1, 1, 1, 0, 0, 1, 1, 12, 6, 3, 8]
12 17
[1.0, 1.4142135623730951, 2.0, 1.4142135623730951, 3.0, 1.4142135623730951, 1.0, 1.4142135623730951, 1, 1, 1, 1, 0, 0, 0, 1, 12, 6, 4, 7]
12 16
[1.0, 1.4142135623730951, 1.0, 1.4142135623730951, 2.0, 1.4142135623730951, 1.0, 1.4142135623730951, 0, 1, 1, 1, 0, 0, 0, 0, 12, 6, 4, 7]
12 18
[1.0, 1.4142135623730951, 1.0, 1.4142135623730951, 1.0, 1.4142135623730951, 1.0, 1.4142135623730951, 1, 1, 1, 1, 0, 0, 1, 1, 12, 6, 3, 8]
11 17
[1.0, 1.4142135623730951, 1.0, 1.4142135623730951, 1.0, 2.8284271247461903, 1.0, 1.4142135623730951, 1, 1, 1, 1, 1, 0, 0, 1, 12, 6, 3, 8]
Winner side: Blue
Details:
  Scores:
    Blue -> 77
    Yellow -> 71
