Loading config from configs\gamecfg210.json
Loading neural network from nn\nn_210.pkl
Starting client
Connecting to host 'localhost' port 8010
Connected successfully
joined the game successfully
Side: Yellow
33 18
[1.0, 2.8284271247461903, 33.0, 9.899494936611665, 18.0, 1.4142135623730951, 1.0, 1.4142135623730951, 0, 0, 0, 0, 0, 0, 0, 0, 12, 6, 4, 1]
32 19
[1.0, 1.4142135623730951, 32.0, 19.79898987322333, 19.0, 1.4142135623730951, 1.0, 1.4142135623730951, 0, 0, 0, 0, 0, 0, 0, 0, 12, 6, 4, 1]
32 18
[1.0, 2.8284271247461903, 32.0, 9.899494936611665, 18.0, 1.4142135623730951, 1.0, 1.4142135623730951, 0, 0, 0, 0, 0, 0, 0, 0, 12, 6, 4, 1]
31 19
[1.0, 1.4142135623730951, 31.0, 5.656854249492381, 19.0, 1.4142135623730951, 1.0, 1.4142135623730951, 0, 0, 0, 0, 0, 0, 0, 0, 12, 6, 4, 1]
32 17
[1.0, 4.242640687119285, 5.0, 8.48528137423857, 17.0, 1.4142135623730951, 1.0, 1.4142135623730951, 0, 0, 0, 0, 0, 0, 0, 0, 12, 6, 4, 1]
33 18
[1.0, 1.4142135623730951, 1.0, 9.899494936611665, 18.0, 1.4142135623730951, 1.0, 1.4142135623730951, 0, 0, 0, 0, 0, 0, 0, 0, 12, 6, 4, 1]
31 18
[2.0, 2.8284271247461903, 31.0, 18.384776310850235, 18.0, 1.4142135623730951, 1.0, 1.4142135623730951, 0, 0, 0, 0, 0, 0, 0, 0, 12, 6, 4, 1]
31 17
[1.0, 4.242640687119285, 4.0, 8.48528137423857, 17.0, 1.4142135623730951, 1.0, 1.4142135623730951, 0, 0, 0, 0, 0, 0, 0, 0, 12, 6, 4, 1]
31 19
[1.0, 1.4142135623730951, 31.0, 5.656854249492381, 1.0, 1.4142135623730951, 1.0, 1.4142135623730951, 0, 0, 0, 0, 0, 0, 0, 0, 12, 6, 4, 1]
30 18
[2.0, 2.8284271247461903, 30.0, 4.242640687119285, 18.0, 1.4142135623730951, 1.0, 1.4142135623730951, 0, 0, 0, 0, 0, 0, 0, 0, 12, 6, 4, 1]
30 17
[1.0, 4.242640687119285, 3.0, 16.97056274847714, 17.0, 1.4142135623730951, 1.0, 1.4142135623730951, 0, 0, 0, 0, 0, 0, 0, 0, 12, 6, 4, 1]
30 19
[1.0, 1.4142135623730951, 30.0, 4.242640687119285, 1.0, 1.4142135623730951, 1.0, 1.4142135623730951, 0, 0, 0, 0, 0, 0, 0, 0, 12, 6, 4, 1]
29 18
[2.0, 2.8284271247461903, 29.0, 2.8284271247461903, 18.0, 1.4142135623730951, 1.0, 1.4142135623730951, 0, 0, 0, 0, 0, 0, 0, 0, 12, 6, 4, 1]
29 17
[1.0, 4.242640687119285, 2.0, 2.8284271247461903, 17.0, 1.4142135623730951, 1.0, 1.4142135623730951, 0, 0, 0, 0, 0, 0, 0, 0, 12, 6, 4, 1]
29 19
[1.0, 1.4142135623730951, 29.0, 2.8284271247461903, 1.0, 1.4142135623730951, 1.0, 1.4142135623730951, 0, 0, 0, 0, 0, 0, 0, 0, 12, 6, 4, 1]
28 18
[2.0, 2.8284271247461903, 28.0, 1.4142135623730951, 18.0, 1.4142135623730951, 1.0, 1.4142135623730951, 0, 0, 0, 0, 0, 0, 0, 0, 12, 6, 4, 1]
28 17
[1.0, 4.242640687119285, 1.0, 1.4142135623730951, 17.0, 1.4142135623730951, 1.0, 1.4142135623730951, 0, 0, 0, 0, 0, 0, 0, 0, 12, 6, 4, 1]
28 19
[1.0, 1.4142135623730951, 28.0, 2.8284271247461903, 1.0, 1.4142135623730951, 1.0, 1.4142135623730951, 0, 0, 0, 0, 0, 0, 0, 0, 12, 6, 4, 1]
27 18
[2.0, 2.8284271247461903, 27.0, 1.4142135623730951, 1.0, 1.4142135623730951, 1.0, 1.4142135623730951, 0, 0, 0, 0, 0, 0, 0, 0, 12, 6, 4, 1]
27 19
[1.0, 1.4142135623730951, 27.0, 2.8284271247461903, 1.0, 1.4142135623730951, 1.0, 1.4142135623730951, 0, 0, 0, 0, 0, 0, 0, 0, 12, 6, 4, 1]
26 18
[2.0, 2.8284271247461903, 26.0, 1.4142135623730951, 1.0, 1.4142135623730951, 1.0, 1.4142135623730951, 0, 0, 0, 0, 0, 0, 0, 0, 12, 6, 4, 1]
26 19
[1.0, 1.4142135623730951, 26.0, 11.313708498984761, 1.0, 1.4142135623730951, 1.0, 1.4142135623730951, 0, 0, 0, 0, 0, 0, 0, 0, 12, 6, 4, 1]
25 18
[2.0, 2.8284271247461903, 25.0, 9.899494936611665, 1.0, 1.4142135623730951, 1.0, 1.4142135623730951, 0, 0, 0, 0, 0, 0, 0, 0, 12, 6, 4, 1]
25 19
[1.0, 1.4142135623730951, 25.0, 11.313708498984761, 1.0, 1.4142135623730951, 1.0, 1.4142135623730951, 0, 0, 0, 0, 0, 0, 0, 0, 12, 6, 4, 1]
24 18
[2.0, 2.8284271247461903, 24.0, 9.899494936611665, 18.0, 1.4142135623730951, 1.0, 1.4142135623730951, 0, 0, 0, 0, 0, 0, 0, 0, 12, 6, 4, 1]
24 17
[1.0, 4.242640687119285, 6.0, 8.48528137423857, 17.0, 1.4142135623730951, 1.0, 1.4142135623730951, 0, 0, 0, 0, 0, 0, 0, 0, 12, 6, 4, 1]
24 19
[1.0, 1.4142135623730951, 24.0, 11.313708498984761, 1.0, 1.4142135623730951, 1.0, 1.4142135623730951, 0, 0, 0, 0, 0, 0, 0, 0, 12, 6, 4, 1]
23 18
[2.0, 2.8284271247461903, 23.0, 9.899494936611665, 18.0, 1.4142135623730951, 1.0, 1.4142135623730951, 0, 0, 0, 0, 0, 0, 0, 0, 12, 6, 4, 1]
23 17
[1.0, 4.242640687119285, 5.0, 8.48528137423857, 17.0, 1.4142135623730951, 1.0, 1.4142135623730951, 0, 0, 0, 0, 0, 0, 0, 0, 12, 6, 4, 1]
23 19
[1.0, 1.4142135623730951, 23.0, 19.79898987322333, 1.0, 1.4142135623730951, 1.0, 1.4142135623730951, 0, 0, 0, 0, 0, 0, 0, 0, 12, 6, 4, 1]
22 18
[2.0, 2.8284271247461903, 22.0, 18.384776310850235, 18.0, 1.4142135623730951, 1.0, 1.4142135623730951, 0, 0, 0, 0, 0, 0, 0, 0, 12, 6, 4, 1]
22 17
[1.0, 4.242640687119285, 4.0, 8.48528137423857, 17.0, 1.4142135623730951, 1.0, 1.4142135623730951, 0, 0, 0, 0, 0, 0, 0, 0, 12, 6, 4, 1]
22 19
[1.0, 1.4142135623730951, 22.0, 5.656854249492381, 1.0, 1.4142135623730951, 1.0, 1.4142135623730951, 0, 0, 0, 0, 0, 0, 0, 0, 12, 6, 4, 1]
21 18
[2.0, 2.8284271247461903, 21.0, 4.242640687119285, 18.0, 1.4142135623730951, 1.0, 1.4142135623730951, 0, 0, 0, 0, 0, 0, 0, 0, 12, 6, 4, 1]
21 17
[1.0, 4.242640687119285, 3.0, 16.97056274847714, 17.0, 1.4142135623730951, 1.0, 1.4142135623730951, 0, 0, 0, 0, 0, 0, 0, 0, 12, 6, 4, 1]
21 19
[1.0, 1.4142135623730951, 21.0, 4.242640687119285, 1.0, 1.4142135623730951, 1.0, 1.4142135623730951, 0, 0, 0, 0, 0, 0, 0, 0, 12, 6, 4, 1]
20 18
[2.0, 2.8284271247461903, 20.0, 2.8284271247461903, 18.0, 1.4142135623730951, 1.0, 1.4142135623730951, 0, 0, 0, 0, 0, 0, 0, 0, 12, 6, 4, 1]
20 17
[1.0, 4.242640687119285, 2.0, 2.8284271247461903, 17.0, 1.4142135623730951, 1.0, 1.4142135623730951, 0, 0, 0, 0, 0, 0, 0, 0, 12, 6, 4, 1]
20 19
[1.0, 1.4142135623730951, 20.0, 2.8284271247461903, 1.0, 1.4142135623730951, 1.0, 1.4142135623730951, 0, 0, 0, 0, 0, 0, 0, 0, 12, 6, 4, 1]
19 18
[2.0, 2.8284271247461903, 19.0, 1.4142135623730951, 18.0, 2.8284271247461903, 1.0, 2.8284271247461903, 0, 0, 0, 0, 0, 0, 0, 0, 12, 6, 4, 1]
19 17
[1.0, 4.242640687119285, 1.0, 1.4142135623730951, 17.0, 2.8284271247461903, 2.0, 1.4142135623730951, 0, 0, 0, 0, 0, 0, 0, 0, 12, 6, 4, 1]
19 19
[1.0, 1.4142135623730951, 19.0, 2.8284271247461903, 1.0, 1.4142135623730951, 2.0, 1.4142135623730951, 0, 0, 0, 0, 0, 0, 0, 0, 12, 6, 4, 1]
18 18
[2.0, 2.8284271247461903, 18.0, 1.4142135623730951, 1.0, 4.242640687119285, 1.0, 2.8284271247461903, 0, 0, 0, 0, 0, 0, 0, 0, 12, 6, 4, 1]
19 16
[1.0, 1.4142135623730951, 1.0, 1.4142135623730951, 16.0, 2.8284271247461903, 2.0, 2.8284271247461903, 0, 0, 0, 0, 0, 0, 0, 0, 12, 6, 4, 1]
20 17
[1.0, 1.4142135623730951, 1.0, 2.8284271247461903, 17.0, 1.4142135623730951, 1.0, 1.4142135623730951, 0, 0, 0, 0, 0, 0, 0, 0, 12, 6, 4, 1]
20 16
[1.0, 1.4142135623730951, 2.0, 15.556349186104045, 16.0, 1.4142135623730951, 1.0, 1.4142135623730951, 0, 0, 0, 0, 0, 0, 0, 0, 12, 6, 4, 1]
21 17
[1.0, 1.4142135623730951, 1.0, 16.97056274847714, 17.0, 1.4142135623730951, 1.0, 1.4142135623730951, 0, 0, 0, 0, 0, 0, 0, 0, 12, 6, 4, 1]
20 18
[2.0, 2.8284271247461903, 1.0, 1.4142135623730951, 1.0, 1.4142135623730951, 1.0, 1.4142135623730951, 0, 0, 0, 0, 0, 0, 0, 0, 12, 6, 3, 0]
20 15
[1.0, 2.8284271247461903, 2.0, 5.656854249492381, 15.0, 1.4142135623730951, 1.0, 1.4142135623730951, 0, 0, 0, 0, 0, 0, 0, 0, 12, 6, 4, 1]
21 16
[2.0, 1.4142135623730951, 1.0, 7.0710678118654755, 16.0, 1.4142135623730951, 1.0, 1.4142135623730951, 0, 0, 0, 0, 0, 0, 0, 0, 12, 6, 4, 1]
19 16
[1.0, 1.4142135623730951, 1.0, 1.4142135623730951, 16.0, 2.8284271247461903, 1.0, 1.4142135623730951, 0, 0, 0, 0, 0, 0, 0, 0, 12, 6, 4, 1]
20 14
[1.0, 2.8284271247461903, 20.0, 4.242640687119285, 14.0, 1.4142135623730951, 1.0, 1.4142135623730951, 0, 0, 0, 0, 0, 0, 0, 0, 12, 6, 4, 1]
21 15
[3.0, 1.4142135623730951, 1.0, 5.656854249492381, 15.0, 1.4142135623730951, 1.0, 1.4142135623730951, 0, 0, 0, 0, 0, 0, 0, 0, 12, 6, 4, 1]
19 15
[2.0, 1.4142135623730951, 1.0, 14.142135623730951, 15.0, 2.8284271247461903, 1.0, 1.4142135623730951, 0, 0, 0, 0, 0, 0, 0, 0, 12, 6, 4, 1]
20 13
[1.0, 2.8284271247461903, 20.0, 2.8284271247461903, 13.0, 1.4142135623730951, 1.0, 1.4142135623730951, 0, 0, 0, 0, 0, 0, 0, 0, 12, 6, 4, 1]
21 14
[4.0, 1.4142135623730951, 1.0, 4.242640687119285, 14.0, 1.4142135623730951, 1.0, 1.4142135623730951, 0, 0, 0, 0, 0, 0, 0, 0, 12, 6, 4, 1]
19 14
[3.0, 1.4142135623730951, 19.0, 4.242640687119285, 14.0, 2.8284271247461903, 1.0, 1.4142135623730951, 0, 0, 0, 0, 0, 0, 0, 0, 12, 6, 4, 1]
19 13
[1.0, 2.8284271247461903, 19.0, 2.8284271247461903, 13.0, 2.8284271247461903, 2.0, 1.4142135623730951, 0, 0, 0, 0, 0, 0, 0, 0, 12, 6, 4, 1]
19 15
[2.0, 1.4142135623730951, 1.0, 14.142135623730951, 1.0, 1.4142135623730951, 1.0, 1.4142135623730951, 0, 0, 0, 0, 0, 0, 0, 0, 12, 6, 4, 1]
18 14
[1.0, 1.4142135623730951, 18.0, 12.727922061357855, 3.0, 4.242640687119285, 1.0, 2.8284271247461903, 0, 0, 0, 0, 0, 0, 0, 0, 12, 6, 4, 1]
19 12
[1.0, 4.242640687119285, 19.0, 1.4142135623730951, 12.0, 2.8284271247461903, 2.0, 2.8284271247461903, 0, 0, 0, 0, 0, 0, 0, 0, 12, 6, 4, 1]
20 13
[1.0, 1.4142135623730951, 1.0, 2.8284271247461903, 13.0, 1.4142135623730951, 1.0, 1.4142135623730951, 0, 0, 0, 0, 0, 0, 0, 0, 12, 6, 4, 1]
18 13
[2.0, 2.8284271247461903, 18.0, 2.8284271247461903, 2.0, 4.242640687119285, 1.0, 1.4142135623730951, 0, 0, 0, 0, 0, 0, 0, 0, 12, 6, 4, 1]
19 11
[1.0, 12.727922061357855, 1.0, 1.4142135623730951, 11.0, 2.8284271247461903, 2.0, 2.8284271247461903, 0, 0, 0, 0, 0, 0, 0, 0, 12, 6, 4, 1]
20 12
[2.0, 1.4142135623730951, 1.0, 2.8284271247461903, 12.0, 1.4142135623730951, 1.0, 1.4142135623730951, 0, 0, 0, 0, 0, 0, 0, 0, 12, 6, 4, 1]
18 12
[3.0, 11.313708498984761, 18.0, 1.4142135623730951, 1.0, 4.242640687119285, 1.0, 1.4142135623730951, 0, 0, 0, 0, 0, 0, 0, 0, 12, 6, 4, 1]
18 13
[2.0, 2.8284271247461903, 18.0, 2.8284271247461903, 1.0, 1.4142135623730951, 1.0, 1.4142135623730951, 0, 0, 0, 0, 0, 0, 0, 0, 12, 6, 4, 1]
17 12
[3.0, 11.313708498984761, 17.0, 1.4142135623730951, 1.0, 1.4142135623730951, 1.0, 2.8284271247461903, 0, 0, 0, 0, 0, 0, 0, 0, 12, 6, 4, 1]
17 13
[2.0, 9.899494936611665, 17.0, 11.313708498984761, 1.0, 1.4142135623730951, 2.0, 4.242640687119285, 0, 0, 0, 0, 0, 0, 0, 0, 12, 6, 4, 1]
16 12
[3.0, 11.313708498984761, 16.0, 9.899494936611665, 1.0, 1.4142135623730951, 1.0, 5.656854249492381, 0, 0, 0, 0, 0, 0, 0, 0, 12, 6, 4, 1]
16 13
[2.0, 9.899494936611665, 16.0, 11.313708498984761, 1.0, 1.4142135623730951, 3.0, 2.8284271247461903, 0, 0, 0, 0, 0, 0, 0, 0, 12, 6, 4, 1]
15 12
[8.0, 11.313708498984761, 15.0, 9.899494936611665, 12.0, 1.4142135623730951, 1.0, 4.242640687119285, 0, 0, 0, 0, 0, 0, 0, 0, 12, 6, 4, 1]
15 11
[1.0, 8.48528137423857, 6.0, 8.48528137423857, 11.0, 1.4142135623730951, 1.0, 1.4142135623730951, 0, 0, 0, 0, 0, 0, 0, 0, 12, 6, 4, 1]
15 13
[7.0, 9.899494936611665, 15.0, 11.313708498984761, 1.0, 1.4142135623730951, 4.0, 2.8284271247461903, 0, 0, 0, 0, 0, 0, 0, 0, 12, 6, 4, 1]
14 12
[8.0, 7.0710678118654755, 10.0, 9.899494936611665, 12.0, 2.8284271247461903, 1.0, 4.242640687119285, 0, 0, 1, 0, 0, 0, 0, 0, 12, 6, 4, 1]
14 11
[1.0, 7.0710678118654755, 5.0, 8.48528137423857, 11.0, 2.8284271247461903, 2.0, 1.4142135623730951, 0, 0, 0, 0, 0, 0, 0, 0, 12, 6, 4, 1]
14 13
[7.0, 9.899494936611665, 14.0, 14.142135623730951, 1.0, 1.4142135623730951, 5.0, 2.8284271247461903, 0, 0, 0, 1, 0, 0, 0, 0, 12, 6, 4, 1]
13 12
[8.0, 5.656854249492381, 8.0, 12.727922061357855, 12.0, 4.242640687119285, 1.0, 4.242640687119285, 0, 0, 1, 1, 0, 0, 0, 0, 12, 6, 4, 1]
13 11
[1.0, 5.656854249492381, 4.0, 8.48528137423857, 11.0, 11.313708498984761, 3.0, 1.4142135623730951, 0, 0, 0, 0, 0, 0, 0, 0, 12, 6, 4, 1]
13 13
[7.0, 5.656854249492381, 13.0, 5.656854249492381, 1.0, 1.4142135623730951, 6.0, 4.242640687119285, 0, 0, 0, 0, 0, 0, 0, 0, 12, 6, 4, 1]
12 12
[8.0, 4.242640687119285, 6.0, 4.242640687119285, 12.0, 12.727922061357855, 1.0, 5.656854249492381, 0, 0, 1, 0, 0, 0, 0, 0, 12, 6, 4, 1]
13 10
[1.0, 7.0710678118654755, 4.0, 7.0710678118654755, 10.0, 7.0710678118654755, 3.0, 2.8284271247461903, 0, 0, 0, 0, 0, 0, 0, 0, 12, 6, 4, 1]
14 11
[1.0, 1.4142135623730951, 1.0, 8.48528137423857, 11.0, 2.8284271247461903, 2.0, 1.4142135623730951, 0, 0, 0, 0, 0, 0, 0, 0, 12, 6, 4, 1]
12 11
[9.0, 5.656854249492381, 3.0, 11.313708498984761, 11.0, 8.48528137423857, 1.0, 1.4142135623730951, 0, 0, 0, 1, 0, 0, 0, 0, 12, 6, 4, 1]
12 10
[1.0, 7.0710678118654755, 3.0, 7.0710678118654755, 10.0, 7.0710678118654755, 4.0, 1.4142135623730951, 0, 0, 0, 0, 0, 0, 0, 0, 12, 6, 4, 1]
12 12
[8.0, 4.242640687119285, 6.0, 4.242640687119285, 1.0, 1.4142135623730951, 1.0, 5.656854249492381, 0, 0, 1, 0, 0, 0, 0, 0, 12, 6, 4, 1]
11 11
[9.0, 5.656854249492381, 2.0, 2.8284271247461903, 11.0, 8.48528137423857, 1.0, 7.0710678118654755, 0, 0, 0, 0, 0, 0, 0, 0, 12, 6, 4, 1]
12 9
[1.0, 15.556349186104045, 3.0, 5.656854249492381, 9.0, 5.656854249492381, 4.0, 4.242640687119285, 0, 0, 0, 0, 0, 0, 0, 0, 12, 6, 4, 1]
13 10
[1.0, 1.4142135623730951, 1.0, 7.0710678118654755, 10.0, 7.0710678118654755, 3.0, 2.8284271247461903, 0, 0, 0, 0, 0, 0, 0, 0, 12, 6, 4, 1]
11 10
[10.0, 14.142135623730951, 2.0, 9.899494936611665, 10.0, 7.0710678118654755, 1.0, 1.4142135623730951, 0, 0, 0, 1, 0, 0, 0, 0, 12, 6, 4, 1]
11 9
[1.0, 2.8284271247461903, 2.0, 5.656854249492381, 9.0, 7.0710678118654755, 5.0, 1.4142135623730951, 0, 0, 0, 0, 0, 0, 0, 0, 12, 6, 4, 1]
11 11
[9.0, 5.656854249492381, 2.0, 2.8284271247461903, 1.0, 1.4142135623730951, 1.0, 7.0710678118654755, 0, 0, 0, 0, 0, 0, 0, 0, 12, 6, 4, 1]
10 10
[10.0, 1.4142135623730951, 1.0, 1.4142135623730951, 10.0, 8.48528137423857, 1.0, 8.48528137423857, 0, 0, 0, 0, 0, 0, 0, 0, 12, 6, 4, 1]
11 8
[1.0, 2.8284271247461903, 5.0, 4.242640687119285, 8.0, 7.0710678118654755, 10.0, 5.656854249492381, 0, 0, 1, 0, 0, 0, 0, 0, 12, 6, 4, 1]
12 9
[1.0, 1.4142135623730951, 1.0, 5.656854249492381, 9.0, 5.656854249492381, 4.0, 4.242640687119285, 0, 0, 0, 0, 0, 0, 0, 0, 12, 6, 4, 1]
10 9
[11.0, 1.4142135623730951, 1.0, 8.48528137423857, 9.0, 8.48528137423857, 1.0, 1.4142135623730951, 0, 0, 0, 1, 0, 0, 0, 0, 12, 6, 4, 1]
10 8
[1.0, 1.4142135623730951, 4.0, 4.242640687119285, 8.0, 11.313708498984761, 11.0, 1.4142135623730951, 0, 0, 1, 0, 0, 0, 0, 0, 12, 6, 4, 1]
10 10
[10.0, 1.4142135623730951, 1.0, 1.4142135623730951, 1.0, 1.4142135623730951, 1.0, 8.48528137423857, 0, 0, 0, 0, 0, 0, 0, 0, 12, 6, 4, 1]
10 7
[1.0, 2.8284271247461903, 4.0, 2.8284271247461903, 7.0, 9.899494936611665, 11.0, 7.0710678118654755, 0, 0, 1, 0, 0, 0, 0, 0, 12, 6, 4, 1]
11 8
[1.0, 1.4142135623730951, 1.0, 4.242640687119285, 8.0, 7.0710678118654755, 10.0, 5.656854249492381, 0, 0, 0, 0, 0, 0, 0, 0, 12, 6, 4, 1]
9 8
[1.0, 1.4142135623730951, 3.0, 7.0710678118654755, 3.0, 11.313708498984761, 1.0, 1.4142135623730951, 0, 0, 1, 1, 0, 0, 0, 0, 12, 6, 4, 1]
9 7
[1.0, 2.8284271247461903, 3.0, 2.8284271247461903, 2.0, 9.899494936611665, 12.0, 1.4142135623730951, 0, 0, 1, 0, 0, 0, 0, 0, 12, 6, 4, 1]
8 8
[1.0, 1.4142135623730951, 2.0, 2.8284271247461903, 3.0, 11.313708498984761, 1.0, 1.4142135623730951, 0, 0, 1, 1, 0, 0, 0, 0, 12, 6, 4, 1]
8 7
[1.0, 2.8284271247461903, 2.0, 5.656854249492381, 2.0, 9.899494936611665, 13.0, 1.4142135623730951, 0, 1, 1, 1, 0, 0, 0, 0, 12, 6, 4, 1]
7 8
[1.0, 1.4142135623730951, 1.0, 1.4142135623730951, 3.0, 11.313708498984761, 1.0, 1.4142135623730951, 0, 1, 1, 1, 0, 0, 0, 0, 12, 6, 4, 1]
8 6
[1.0, 2.8284271247461903, 2.0, 1.4142135623730951, 1.0, 1.4142135623730951, 13.0, 2.8284271247461903, 0, 1, 1, 0, 0, 0, 0, 0, 12, 6, 4, 1]
9 7
[1.0, 1.4142135623730951, 1.0, 2.8284271247461903, 2.0, 9.899494936611665, 12.0, 1.4142135623730951, 0, 0, 0, 0, 0, 0, 0, 0, 12, 6, 4, 1]
7 7
[2.0, 1.4142135623730951, 1.0, 1.4142135623730951, 2.0, 2.8284271247461903, 1.0, 1.4142135623730951, 0, 1, 1, 1, 0, 0, 0, 0, 12, 6, 4, 1]
7 6
[1.0, 1.4142135623730951, 1.0, 4.242640687119285, 1.0, 1.4142135623730951, 14.0, 1.4142135623730951, 0, 1, 1, 1, 0, 0, 0, 0, 12, 6, 4, 1]
7 8
[1.0, 1.4142135623730951, 1.0, 1.4142135623730951, 1.0, 1.4142135623730951, 1.0, 1.4142135623730951, 0, 1, 1, 1, 0, 0, 0, 0, 12, 6, 4, 1]
6 7
[1.0, 1.4142135623730951, 6.0, 1.4142135623730951, 1.0, 2.8284271247461903, 1.0, 2.8284271247461903, 1, 1, 0, 1, 1, 0, 0, 0, 12, 6, 3, 2]
6 6
[1.0, 8.48528137423857, 1.0, 2.8284271247461903, 3.0, 1.4142135623730951, 15.0, 1.4142135623730951, 0, 0, 1, 1, 1, 0, 0, 0, 11, 6, 3, 3]
6 8
[1.0, 1.4142135623730951, 1.0, 2.8284271247461903, 1.0, 1.4142135623730951, 2.0, 1.4142135623730951, 1, 1, 1, 1, 0, 0, 0, 0, 11, 6, 3, 3]
5 7
[1.0, 7.0710678118654755, 5.0, 1.4142135623730951, 1.0, 1.4142135623730951, 1.0, 1.4142135623730951, 1, 0, 0, 1, 1, 1, 0, 1, 11, 6, 4, 2]
5 6
[1.0, 7.0710678118654755, 1.0, 2.8284271247461903, 3.0, 2.8284271247461903, 1.0, 1.4142135623730951, 0, 0, 1, 1, 1, 0, 1, 0, 10, 5, 3, 3]
5 8
[1.0, 7.0710678118654755, 5.0, 2.8284271247461903, 1.0, 1.4142135623730951, 1.0, 1.4142135623730951, 1, 0, 0, 1, 0, 0, 1, 1, 10, 5, 3, 3]
4 7
[3.0, 5.656854249492381, 4.0, 1.4142135623730951, 1.0, 1.4142135623730951, 1.0, 1.4142135623730951, 1, 0, 0, 1, 1, 1, 0, 1, 10, 5, 4, 2]
4 6
[1.0, 5.656854249492381, 1.0, 1.4142135623730951, 2.0, 4.242640687119285, 1.0, 1.4142135623730951, 0, 0, 1, 1, 1, 0, 1, 0, 9, 4, 3, 3]
4 8
[2.0, 5.656854249492381, 4.0, 5.656854249492381, 1.0, 1.4142135623730951, 1.0, 1.4142135623730951, 1, 0, 0, 0, 0, 0, 1, 1, 9, 4, 4, 2]
3 7
[9.0, 4.242640687119285, 3.0, 4.242640687119285, 1.0, 1.4142135623730951, 1.0, 2.8284271247461903, 1, 0, 0, 0, 1, 1, 0, 1, 9, 4, 4, 2]
5 8
[1.0, 7.0710678118654755, 1.0, 1.4142135623730951, 1.0, 1.4142135623730951, 1.0, 1.4142135623730951, 1, 0, 0, 0, 0, 0, 1, 1, 8, 3, 3, 3]
4 9
[1.0, 5.656854249492381, 4.0, 5.656854249492381, 1.0, 1.4142135623730951, 1.0, 1.4142135623730951, 1, 0, 0, 0, 0, 1, 1, 1, 8, 3, 4, 2]
3 8
[8.0, 4.242640687119285, 3.0, 4.242640687119285, 2.0, 1.4142135623730951, 1.0, 2.8284271247461903, 1, 0, 0, 0, 1, 0, 0, 1, 8, 3, 4, 2]
5 9
[1.0, 1.4142135623730951, 1.0, 1.4142135623730951, 1.0, 1.4142135623730951, 1.0, 1.4142135623730951, 1, 1, 0, 0, 1, 1, 1, 1, 7, 2, 3, 3]
4 10
[1.0, 5.656854249492381, 4.0, 5.656854249492381, 1.0, 1.4142135623730951, 1.0, 2.8284271247461903, 1, 0, 0, 0, 0, 1, 1, 1, 7, 2, 3, 3]
3 9
[7.0, 4.242640687119285, 3.0, 4.242640687119285, 3.0, 1.4142135623730951, 1.0, 1.4142135623730951, 1, 0, 0, 0, 1, 0, 0, 1, 7, 2, 4, 2]
3 8
[1.0, 4.242640687119285, 3.0, 4.242640687119285, 2.0, 1.4142135623730951, 1.0, 1.4142135623730951, 0, 0, 0, 0, 1, 0, 0, 0, 6, 1, 4, 2]
3 10
[6.0, 4.242640687119285, 3.0, 4.242640687119285, 1.0, 1.4142135623730951, 1.0, 1.4142135623730951, 1, 0, 0, 0, 0, 0, 1, 1, 6, 1, 4, 2]
2 9
[11.0, 2.8284271247461903, 2.0, 2.8284271247461903, 7.0, 2.8284271247461903, 1.0, 2.8284271247461903, 0, 0, 0, 0, 1, 0, 0, 1, 6, 1, 4, 2]
2 8
[1.0, 2.8284271247461903, 2.0, 2.8284271247461903, 6.0, 2.8284271247461903, 2.0, 1.4142135623730951, 0, 0, 0, 0, 1, 1, 0, 0, 12, 6, 4, 2]
2 10
[10.0, 2.8284271247461903, 2.0, 2.8284271247461903, 1.0, 1.4142135623730951, 2.0, 2.8284271247461903, 0, 0, 0, 0, 0, 0, 1, 1, 12, 6, 4, 2]
1 9
[11.0, 1.4142135623730951, 1.0, 1.4142135623730951, 7.0, 4.242640687119285, 1.0, 4.242640687119285, 0, 0, 0, 0, 1, 1, 0, 1, 12, 6, 4, 2]
2 7
[1.0, 2.8284271247461903, 2.0, 2.8284271247461903, 5.0, 1.4142135623730951, 2.0, 2.8284271247461903, 0, 0, 0, 0, 1, 1, 0, 0, 12, 6, 4, 2]
3 8
[1.0, 1.4142135623730951, 1.0, 4.242640687119285, 2.0, 1.4142135623730951, 1.0, 1.4142135623730951, 0, 0, 0, 0, 1, 0, 0, 0, 12, 6, 4, 2]
1 8
[12.0, 1.4142135623730951, 1.0, 1.4142135623730951, 6.0, 2.8284271247461903, 1.0, 1.4142135623730951, 0, 0, 0, 0, 1, 1, 0, 0, 12, 6, 4, 2]
1 7
[1.0, 1.4142135623730951, 1.0, 1.4142135623730951, 5.0, 2.8284271247461903, 3.0, 1.4142135623730951, 0, 0, 0, 0, 1, 1, 0, 0, 12, 6, 4, 2]
1 9
[11.0, 1.4142135623730951, 1.0, 1.4142135623730951, 1.0, 1.4142135623730951, 1.0, 4.242640687119285, 0, 0, 0, 0, 0, 0, 0, 1, 12, 6, 4, 2]
1 6
[1.0, 1.4142135623730951, 1.0, 1.4142135623730951, 4.0, 2.8284271247461903, 2.0, 4.242640687119285, 0, 0, 0, 0, 1, 1, 1, 0, 12, 6, 4, 2]
2 7
[1.0, 1.4142135623730951, 1.0, 2.8284271247461903, 5.0, 1.4142135623730951, 2.0, 2.8284271247461903, 0, 0, 0, 0, 1, 1, 0, 0, 12, 6, 4, 2]
2 6
[1.0, 1.4142135623730951, 2.0, 2.8284271247461903, 4.0, 1.4142135623730951, 1.0, 2.8284271247461903, 0, 0, 0, 0, 1, 1, 1, 0, 12, 6, 4, 2]
3 7
[2.0, 1.4142135623730951, 1.0, 4.242640687119285, 1.0, 1.4142135623730951, 1.0, 1.4142135623730951, 0, 0, 0, 0, 1, 1, 0, 0, 12, 6, 4, 2]
2 8
[1.0, 2.8284271247461903, 1.0, 1.4142135623730951, 1.0, 2.8284271247461903, 2.0, 1.4142135623730951, 0, 0, 0, 0, 0, 1, 0, 0, 12, 6, 3, 1]
2 5
[1.0, 2.8284271247461903, 2.0, 2.8284271247461903, 3.0, 1.4142135623730951, 1.0, 1.4142135623730951, 0, 0, 0, 0, 1, 1, 1, 1, 12, 6, 4, 2]
3 6
[3.0, 1.4142135623730951, 1.0, 4.242640687119285, 1.0, 4.242640687119285, 1.0, 1.4142135623730951, 0, 0, 0, 0, 1, 1, 1, 0, 12, 6, 3, 3]
1 6
[1.0, 1.4142135623730951, 1.0, 1.4142135623730951, 4.0, 2.8284271247461903, 1.0, 1.4142135623730951, 0, 0, 0, 0, 1, 1, 0, 0, 12, 6, 4, 2]
1 5
[1.0, 1.4142135623730951, 1.0, 1.4142135623730951, 3.0, 4.242640687119285, 2.0, 1.4142135623730951, 0, 0, 0, 0, 1, 1, 1, 0, 12, 6, 4, 1]
1 7
[1.0, 1.4142135623730951, 1.0, 1.4142135623730951, 1.0, 1.4142135623730951, 1.0, 1.4142135623730951, 0, 0, 0, 0, 0, 0, 0, 0, 12, 6, 3, 0]
1 4
[1.0, 1.4142135623730951, 1.0, 1.4142135623730951, 2.0, 2.8284271247461903, 2.0, 2.8284271247461903, 0, 0, 0, 0, 1, 1, 1, 1, 12, 6, 4, 0]
2 5
[1.0, 1.4142135623730951, 1.0, 2.8284271247461903, 3.0, 1.4142135623730951, 1.0, 1.4142135623730951, 0, 0, 0, 0, 1, 1, 1, 1, 12, 6, 4, 0]
1 3
[1.0, 1.4142135623730951, 1.0, 1.4142135623730951, 1.0, 1.4142135623730951, 3.0, 2.8284271247461903, 0, 0, 0, 0, 1, 1, 1, 1, 12, 6, 4, -1]
2 4
[2.0, 1.4142135623730951, 1.0, 2.8284271247461903, 2.0, 2.8284271247461903, 1.0, 1.4142135623730951, 0, 0, 0, 0, 1, 1, 1, 1, 12, 6, 4, -1]
1 2
[1.0, 1.4142135623730951, 1.0, 1.4142135623730951, 1.0, 2.8284271247461903, 1.0, 2.8284271247461903, 0, 0, 0, 0, 1, 0, 1, 1, 12, 6, 3, 0]
2 3
[3.0, 1.4142135623730951, 1.0, 1.4142135623730951, 1.0, 1.4142135623730951, 2.0, 1.4142135623730951, 0, 0, 0, 1, 1, 1, 1, 1, 12, 6, 4, -1]
1 1
[1.0, 1.4142135623730951, 1.0, 1.4142135623730951, 1.0, 1.4142135623730951, 20.0, 1.4142135623730951, 0, 0, 0, 0, 0, 0, 0, 1, 11, 6, 3, 1]
2 2
[4.0, 1.4142135623730951, 1.0, 1.4142135623730951, 2.0, 2.8284271247461903, 1.0, 2.8284271247461903, 0, 0, 0, 1, 0, 0, 1, 1, 11, 6, 3, 1]
2 1
[1.0, 1.4142135623730951, 1.0, 1.4142135623730951, 1.0, 1.4142135623730951, 19.0, 1.4142135623730951, 1, 0, 0, 0, 0, 0, 0, 1, 10, 5, 4, 1]
3 1
[1.0, 1.4142135623730951, 1.0, 1.4142135623730951, 1.0, 1.4142135623730951, 18.0, 1.4142135623730951, 1, 1, 0, 0, 0, 0, 0, 1, 9, 4, 4, 1]
2 2
[4.0, 1.4142135623730951, 1.0, 1.4142135623730951, 1.0, 2.8284271247461903, 1.0, 2.8284271247461903, 0, 0, 0, 0, 0, 0, 1, 1, 9, 4, 3, 2]
4 1
[1.0, 1.4142135623730951, 1.0, 1.4142135623730951, 1.0, 1.4142135623730951, 17.0, 1.4142135623730951, 1, 1, 0, 0, 0, 0, 0, 1, 8, 3, 4, 1]
3 2
[2.0, 2.8284271247461903, 1.0, 1.4142135623730951, 1.0, 2.8284271247461903, 1.0, 1.4142135623730951, 1, 0, 1, 0, 0, 0, 1, 1, 8, 3, 3, 2]
5 1
[1.0, 1.4142135623730951, 1.0, 1.4142135623730951, 1.0, 1.4142135623730951, 16.0, 1.4142135623730951, 1, 1, 0, 0, 0, 0, 0, 1, 7, 2, 4, 1]
4 2
[1.0, 4.242640687119285, 1.0, 1.4142135623730951, 1.0, 2.8284271247461903, 1.0, 1.4142135623730951, 1, 0, 1, 0, 0, 0, 1, 1, 7, 2, 3, 2]
6 1
[1.0, 1.4142135623730951, 1.0, 1.4142135623730951, 1.0, 1.4142135623730951, 15.0, 2.8284271247461903, 1, 1, 0, 0, 0, 0, 0, 0, 6, 1, 4, 2]
5 2
[1.0, 1.4142135623730951, 1.0, 1.4142135623730951, 1.0, 2.8284271247461903, 1.0, 1.4142135623730951, 1, 1, 1, 0, 0, 0, 1, 1, 6, 1, 3, 3]
7 1
[2.0, 1.4142135623730951, 1.0, 1.4142135623730951, 1.0, 1.4142135623730951, 14.0, 2.8284271247461903, 0, 1, 0, 0, 0, 0, 0, 0, 12, 6, 4, 3]
6 2
[1.0, 1.4142135623730951, 1.0, 1.4142135623730951, 1.0, 2.8284271247461903, 15.0, 1.4142135623730951, 1, 1, 1, 0, 0, 0, 0, 0, 12, 6, 3, 4]
8 1
[2.0, 2.8284271247461903, 1.0, 1.4142135623730951, 1.0, 1.4142135623730951, 13.0, 11.313708498984761, 0, 1, 0, 0, 0, 0, 0, 0, 12, 6, 4, 4]
7 2
[1.0, 1.4142135623730951, 1.0, 1.4142135623730951, 1.0, 2.8284271247461903, 14.0, 1.4142135623730951, 0, 1, 1, 0, 0, 0, 0, 0, 12, 6, 4, 4]
9 1
[2.0, 2.8284271247461903, 1.0, 1.4142135623730951, 1.0, 1.4142135623730951, 12.0, 11.313708498984761, 0, 0, 0, 0, 0, 0, 0, 0, 12, 6, 4, 5]
8 2
[1.0, 1.4142135623730951, 2.0, 1.4142135623730951, 1.0, 2.8284271247461903, 13.0, 1.4142135623730951, 0, 0, 1, 0, 0, 0, 0, 0, 12, 6, 4, 5]
10 1
[7.0, 2.8284271247461903, 1.0, 1.4142135623730951, 1.0, 1.4142135623730951, 11.0, 11.313708498984761, 0, 0, 0, 0, 0, 0, 0, 0, 12, 6, 4, 6]
9 2
[1.0, 1.4142135623730951, 3.0, 1.4142135623730951, 1.0, 2.8284271247461903, 12.0, 9.899494936611665, 0, 0, 1, 0, 0, 0, 0, 0, 12, 6, 4, 6]
11 1
[8.0, 2.8284271247461903, 1.0, 1.4142135623730951, 1.0, 1.4142135623730951, 10.0, 14.142135623730951, 0, 0, 0, 0, 0, 0, 0, 0, 12, 6, 4, 5]
10 2
[6.0, 1.4142135623730951, 4.0, 1.4142135623730951, 1.0, 2.8284271247461903, 11.0, 9.899494936611665, 0, 0, 1, 0, 0, 0, 0, 0, 12, 6, 4, 5]
12 1
[9.0, 4.242640687119285, 1.0, 1.4142135623730951, 1.0, 1.4142135623730951, 9.0, 5.656854249492381, 0, 0, 0, 0, 0, 0, 0, 0, 12, 6, 4, 4]
11 2
[7.0, 2.8284271247461903, 5.0, 1.4142135623730951, 1.0, 2.8284271247461903, 10.0, 9.899494936611665, 0, 0, 1, 0, 0, 0, 0, 0, 12, 6, 4, 4]
13 1
[10.0, 5.656854249492381, 1.0, 1.4142135623730951, 1.0, 1.4142135623730951, 8.0, 4.242640687119285, 0, 0, 0, 0, 0, 0, 0, 0, 12, 6, 4, 3]
12 2
[8.0, 4.242640687119285, 6.0, 1.4142135623730951, 1.0, 2.8284271247461903, 9.0, 12.727922061357855, 0, 0, 1, 0, 0, 0, 0, 0, 12, 6, 4, 3]
14 1
[11.0, 8.48528137423857, 1.0, 1.4142135623730951, 1.0, 1.4142135623730951, 7.0, 2.8284271247461903, 0, 0, 0, 0, 0, 0, 0, 0, 12, 6, 4, 2]
13 2
[9.0, 7.0710678118654755, 7.0, 1.4142135623730951, 1.0, 2.8284271247461903, 8.0, 4.242640687119285, 0, 0, 1, 0, 0, 0, 0, 0, 12, 6, 4, 2]
15 1
[11.0, 9.899494936611665, 1.0, 1.4142135623730951, 1.0, 1.4142135623730951, 6.0, 2.8284271247461903, 0, 0, 0, 0, 0, 0, 0, 0, 12, 6, 4, 62]
14 2
[10.0, 8.48528137423857, 8.0, 1.4142135623730951, 1.0, 2.8284271247461903, 7.0, 2.8284271247461903, 0, 0, 1, 0, 0, 0, 0, 0, 12, 6, 4, 62]
Winner side: Yellow
Details:
  Scores:
    Blue -> 3
    Yellow -> 64
