Loading config from configs\gamecfg340.json
Loading neural network from nn\nn_340.pkl
Starting client
Connecting to host 'localhost' port 8140
Connected successfully
joined the game successfully
Side: Yellow
33 18
[1.0, 2.8284271247461903, 33.0, 9.899494936611665, 18.0, 1.4142135623730951, 1.0, 1.4142135623730951, 0, 0, 0, 0, 0, 0, 0, 0, 12, 6, 4, 1]
32 19
[1.0, 1.4142135623730951, 32.0, 19.79898987322333, 19.0, 1.4142135623730951, 1.0, 1.4142135623730951, 0, 0, 0, 0, 0, 0, 0, 0, 12, 6, 4, 1]
33 17
[1.0, 4.242640687119285, 6.0, 8.48528137423857, 17.0, 1.4142135623730951, 1.0, 1.4142135623730951, 0, 0, 0, 0, 0, 0, 0, 0, 12, 6, 4, 1]
32 18
[2.0, 2.8284271247461903, 32.0, 9.899494936611665, 18.0, 1.4142135623730951, 1.0, 1.4142135623730951, 0, 0, 0, 0, 0, 0, 0, 0, 12, 6, 4, 1]
32 17
[1.0, 4.242640687119285, 5.0, 8.48528137423857, 17.0, 1.4142135623730951, 1.0, 1.4142135623730951, 0, 0, 0, 0, 0, 0, 0, 0, 12, 6, 4, 1]
32 19
[1.0, 1.4142135623730951, 32.0, 19.79898987322333, 1.0, 1.4142135623730951, 1.0, 1.4142135623730951, 0, 0, 0, 0, 0, 0, 0, 0, 12, 6, 4, 1]
31 18
[2.0, 2.8284271247461903, 31.0, 18.384776310850235, 18.0, 1.4142135623730951, 1.0, 1.4142135623730951, 0, 0, 0, 0, 0, 0, 0, 0, 12, 6, 4, 1]
31 17
[1.0, 4.242640687119285, 4.0, 8.48528137423857, 17.0, 1.4142135623730951, 1.0, 1.4142135623730951, 0, 0, 0, 0, 0, 0, 0, 0, 12, 6, 4, 1]
31 19
[1.0, 1.4142135623730951, 31.0, 5.656854249492381, 1.0, 1.4142135623730951, 1.0, 1.4142135623730951, 0, 0, 0, 0, 0, 0, 0, 0, 12, 6, 4, 1]
30 18
[2.0, 2.8284271247461903, 30.0, 4.242640687119285, 18.0, 1.4142135623730951, 1.0, 1.4142135623730951, 0, 0, 0, 0, 0, 0, 0, 0, 12, 6, 4, 1]
30 17
[1.0, 4.242640687119285, 3.0, 16.97056274847714, 17.0, 1.4142135623730951, 1.0, 1.4142135623730951, 0, 0, 0, 0, 0, 0, 0, 0, 12, 6, 4, 1]
30 19
[1.0, 1.4142135623730951, 30.0, 4.242640687119285, 1.0, 1.4142135623730951, 1.0, 1.4142135623730951, 0, 0, 0, 0, 0, 0, 0, 0, 12, 6, 4, 1]
29 18
[2.0, 2.8284271247461903, 29.0, 2.8284271247461903, 18.0, 1.4142135623730951, 1.0, 1.4142135623730951, 0, 0, 0, 0, 0, 0, 0, 0, 12, 6, 4, 1]
29 17
[1.0, 4.242640687119285, 2.0, 2.8284271247461903, 17.0, 1.4142135623730951, 1.0, 1.4142135623730951, 0, 0, 0, 0, 0, 0, 0, 0, 12, 6, 4, 1]
29 19
[1.0, 1.4142135623730951, 29.0, 2.8284271247461903, 1.0, 1.4142135623730951, 1.0, 1.4142135623730951, 0, 0, 0, 0, 0, 0, 0, 0, 12, 6, 4, 1]
28 18
[2.0, 2.8284271247461903, 28.0, 1.4142135623730951, 18.0, 1.4142135623730951, 1.0, 1.4142135623730951, 0, 0, 0, 0, 0, 0, 0, 0, 12, 6, 4, 1]
28 17
[1.0, 4.242640687119285, 1.0, 1.4142135623730951, 17.0, 1.4142135623730951, 1.0, 1.4142135623730951, 0, 0, 0, 0, 0, 0, 0, 0, 12, 6, 4, 1]
28 19
[1.0, 1.4142135623730951, 28.0, 2.8284271247461903, 1.0, 1.4142135623730951, 1.0, 1.4142135623730951, 0, 0, 0, 0, 0, 0, 0, 0, 12, 6, 4, 1]
27 18
[2.0, 2.8284271247461903, 27.0, 1.4142135623730951, 1.0, 1.4142135623730951, 1.0, 1.4142135623730951, 0, 0, 0, 0, 0, 0, 0, 0, 12, 6, 4, 1]
27 19
[1.0, 1.4142135623730951, 27.0, 2.8284271247461903, 1.0, 1.4142135623730951, 1.0, 1.4142135623730951, 0, 0, 0, 0, 0, 0, 0, 0, 12, 6, 4, 1]
26 18
[2.0, 2.8284271247461903, 26.0, 1.4142135623730951, 1.0, 1.4142135623730951, 1.0, 1.4142135623730951, 0, 0, 0, 0, 0, 0, 0, 0, 12, 6, 4, 1]
26 19
[1.0, 1.4142135623730951, 26.0, 11.313708498984761, 1.0, 1.4142135623730951, 1.0, 1.4142135623730951, 0, 0, 0, 0, 0, 0, 0, 0, 12, 6, 4, 1]
25 18
[2.0, 2.8284271247461903, 25.0, 9.899494936611665, 1.0, 1.4142135623730951, 1.0, 1.4142135623730951, 0, 0, 0, 0, 0, 0, 0, 0, 12, 6, 4, 1]
25 19
[1.0, 1.4142135623730951, 25.0, 11.313708498984761, 1.0, 1.4142135623730951, 1.0, 1.4142135623730951, 0, 0, 0, 0, 0, 0, 0, 0, 12, 6, 4, 1]
24 18
[2.0, 2.8284271247461903, 24.0, 9.899494936611665, 18.0, 1.4142135623730951, 1.0, 1.4142135623730951, 0, 0, 0, 0, 0, 0, 0, 0, 12, 6, 4, 1]
24 17
[1.0, 4.242640687119285, 6.0, 8.48528137423857, 17.0, 1.4142135623730951, 1.0, 1.4142135623730951, 0, 0, 0, 0, 0, 0, 0, 0, 12, 6, 4, 1]
24 19
[1.0, 1.4142135623730951, 24.0, 11.313708498984761, 1.0, 1.4142135623730951, 1.0, 1.4142135623730951, 0, 0, 0, 0, 0, 0, 0, 0, 12, 6, 4, 1]
23 18
[2.0, 2.8284271247461903, 23.0, 9.899494936611665, 18.0, 1.4142135623730951, 1.0, 1.4142135623730951, 0, 0, 0, 0, 0, 0, 0, 0, 12, 6, 4, 1]
23 17
[1.0, 4.242640687119285, 5.0, 8.48528137423857, 17.0, 1.4142135623730951, 1.0, 1.4142135623730951, 0, 0, 0, 0, 0, 0, 0, 0, 12, 6, 4, 1]
23 19
[1.0, 1.4142135623730951, 23.0, 19.79898987322333, 1.0, 1.4142135623730951, 1.0, 1.4142135623730951, 0, 0, 0, 0, 0, 0, 0, 0, 12, 6, 4, 1]
22 18
[2.0, 2.8284271247461903, 22.0, 18.384776310850235, 18.0, 1.4142135623730951, 1.0, 1.4142135623730951, 0, 0, 0, 0, 0, 0, 0, 0, 12, 6, 4, 1]
22 17
[1.0, 4.242640687119285, 4.0, 8.48528137423857, 17.0, 1.4142135623730951, 1.0, 1.4142135623730951, 0, 0, 0, 0, 0, 0, 0, 0, 12, 6, 4, 1]
22 19
[1.0, 1.4142135623730951, 22.0, 5.656854249492381, 1.0, 1.4142135623730951, 1.0, 1.4142135623730951, 0, 0, 0, 0, 0, 0, 0, 0, 12, 6, 4, 1]
21 18
[2.0, 2.8284271247461903, 21.0, 4.242640687119285, 18.0, 1.4142135623730951, 1.0, 1.4142135623730951, 0, 0, 0, 0, 0, 0, 0, 0, 12, 6, 4, 1]
21 17
[1.0, 4.242640687119285, 3.0, 16.97056274847714, 17.0, 1.4142135623730951, 1.0, 1.4142135623730951, 0, 0, 0, 0, 0, 0, 0, 0, 12, 6, 4, 1]
21 19
[1.0, 1.4142135623730951, 21.0, 4.242640687119285, 1.0, 1.4142135623730951, 1.0, 1.4142135623730951, 0, 0, 0, 0, 0, 0, 0, 0, 12, 6, 4, 1]
20 18
[2.0, 2.8284271247461903, 20.0, 2.8284271247461903, 18.0, 1.4142135623730951, 1.0, 1.4142135623730951, 0, 0, 0, 0, 0, 0, 0, 0, 12, 6, 4, 1]
20 17
[1.0, 4.242640687119285, 2.0, 2.8284271247461903, 17.0, 1.4142135623730951, 1.0, 1.4142135623730951, 0, 0, 0, 0, 0, 0, 0, 0, 12, 6, 4, 1]
20 19
[1.0, 1.4142135623730951, 20.0, 2.8284271247461903, 1.0, 1.4142135623730951, 1.0, 1.4142135623730951, 0, 0, 0, 0, 0, 0, 0, 0, 12, 6, 4, 1]
19 18
[2.0, 2.8284271247461903, 19.0, 1.4142135623730951, 18.0, 2.8284271247461903, 1.0, 2.8284271247461903, 0, 0, 0, 0, 0, 0, 0, 0, 12, 6, 4, 1]
19 17
[1.0, 4.242640687119285, 1.0, 1.4142135623730951, 17.0, 2.8284271247461903, 2.0, 1.4142135623730951, 0, 0, 0, 0, 0, 0, 0, 0, 12, 6, 4, 1]
19 19
[1.0, 1.4142135623730951, 19.0, 2.8284271247461903, 1.0, 1.4142135623730951, 2.0, 1.4142135623730951, 0, 0, 0, 0, 0, 0, 0, 0, 12, 6, 4, 1]
18 18
[2.0, 2.8284271247461903, 18.0, 1.4142135623730951, 1.0, 4.242640687119285, 1.0, 2.8284271247461903, 0, 0, 0, 0, 0, 0, 0, 0, 12, 6, 4, 1]
18 19
[1.0, 1.4142135623730951, 18.0, 2.8284271247461903, 1.0, 1.4142135623730951, 3.0, 1.4142135623730951, 0, 0, 0, 0, 0, 0, 0, 0, 12, 6, 4, 1]
17 18
[2.0, 2.8284271247461903, 17.0, 1.4142135623730951, 1.0, 1.4142135623730951, 1.0, 2.8284271247461903, 0, 0, 0, 0, 0, 0, 0, 0, 12, 6, 4, 1]
17 19
[1.0, 1.4142135623730951, 17.0, 11.313708498984761, 1.0, 1.4142135623730951, 4.0, 1.4142135623730951, 0, 0, 0, 0, 0, 0, 0, 0, 12, 6, 4, 1]
16 18
[2.0, 2.8284271247461903, 16.0, 9.899494936611665, 1.0, 1.4142135623730951, 1.0, 2.8284271247461903, 0, 0, 0, 0, 0, 0, 0, 0, 12, 6, 4, 1]
16 19
[1.0, 1.4142135623730951, 16.0, 11.313708498984761, 1.0, 1.4142135623730951, 5.0, 1.4142135623730951, 0, 0, 0, 0, 0, 0, 0, 0, 12, 6, 4, 2]
15 18
[2.0, 2.8284271247461903, 15.0, 9.899494936611665, 16.0, 1.4142135623730951, 1.0, 2.8284271247461903, 0, 0, 0, 0, 1, 0, 0, 0, 12, 6, 4, 2]
15 17
[1.0, 4.242640687119285, 6.0, 8.48528137423857, 15.0, 1.4142135623730951, 1.0, 1.4142135623730951, 0, 0, 0, 0, 1, 0, 0, 0, 12, 6, 4, 3]
15 19
[1.0, 1.4142135623730951, 15.0, 11.313708498984761, 1.0, 1.4142135623730951, 6.0, 1.4142135623730951, 0, 0, 0, 0, 0, 0, 0, 0, 12, 6, 4, 3]
14 18
[2.0, 2.8284271247461903, 14.0, 9.899494936611665, 18.0, 2.8284271247461903, 1.0, 2.8284271247461903, 0, 0, 0, 0, 0, 0, 0, 0, 12, 6, 4, 3]
14 17
[1.0, 4.242640687119285, 5.0, 8.48528137423857, 16.0, 2.8284271247461903, 2.0, 1.4142135623730951, 0, 0, 0, 0, 1, 0, 0, 0, 12, 6, 4, 3]
14 19
[1.0, 1.4142135623730951, 14.0, 19.79898987322333, 1.0, 1.4142135623730951, 7.0, 1.4142135623730951, 0, 0, 0, 0, 0, 0, 0, 0, 12, 6, 4, 3]
13 18
[2.0, 2.8284271247461903, 13.0, 18.384776310850235, 17.0, 4.242640687119285, 1.0, 2.8284271247461903, 0, 0, 0, 0, 1, 0, 0, 0, 12, 6, 4, 3]
13 17
[1.0, 4.242640687119285, 4.0, 8.48528137423857, 16.0, 11.313708498984761, 3.0, 1.4142135623730951, 0, 0, 0, 0, 1, 0, 0, 0, 12, 6, 4, 3]
13 19
[1.0, 1.4142135623730951, 13.0, 5.656854249492381, 1.0, 1.4142135623730951, 8.0, 1.4142135623730951, 0, 0, 0, 0, 0, 0, 0, 0, 12, 6, 4, 3]
12 18
[2.0, 2.8284271247461903, 12.0, 4.242640687119285, 17.0, 12.727922061357855, 1.0, 2.8284271247461903, 0, 0, 0, 0, 1, 0, 0, 0, 12, 6, 4, 3]
12 17
[1.0, 4.242640687119285, 3.0, 16.97056274847714, 16.0, 8.48528137423857, 4.0, 1.4142135623730951, 0, 0, 0, 0, 1, 0, 0, 0, 12, 6, 4, 4]
12 19
[1.0, 1.4142135623730951, 12.0, 4.242640687119285, 1.0, 1.4142135623730951, 9.0, 1.4142135623730951, 0, 0, 0, 0, 0, 0, 0, 0, 12, 6, 4, 4]
11 18
[2.0, 2.8284271247461903, 11.0, 2.8284271247461903, 17.0, 9.899494936611665, 1.0, 2.8284271247461903, 0, 0, 0, 0, 1, 0, 0, 0, 12, 6, 4, 4]
11 17
[1.0, 4.242640687119285, 2.0, 2.8284271247461903, 16.0, 8.48528137423857, 5.0, 1.4142135623730951, 0, 0, 0, 0, 1, 0, 0, 0, 12, 6, 4, 5]
11 19
[1.0, 1.4142135623730951, 11.0, 2.8284271247461903, 1.0, 1.4142135623730951, 10.0, 1.4142135623730951, 0, 0, 0, 0, 0, 0, 0, 0, 12, 6, 4, 5]
10 18
[2.0, 2.8284271247461903, 10.0, 1.4142135623730951, 17.0, 9.899494936611665, 1.0, 2.8284271247461903, 0, 0, 0, 0, 1, 0, 0, 0, 12, 6, 4, 5]
10 17
[1.0, 4.242640687119285, 1.0, 1.4142135623730951, 16.0, 8.48528137423857, 6.0, 1.4142135623730951, 0, 0, 0, 0, 1, 0, 0, 0, 12, 6, 4, 6]
10 19
[1.0, 1.4142135623730951, 10.0, 2.8284271247461903, 1.0, 1.4142135623730951, 11.0, 1.4142135623730951, 0, 0, 0, 0, 0, 0, 0, 0, 12, 6, 4, 6]
9 18
[2.0, 2.8284271247461903, 9.0, 1.4142135623730951, 1.0, 9.899494936611665, 1.0, 2.8284271247461903, 0, 0, 0, 0, 0, 0, 0, 0, 12, 6, 4, 6]
9 19
[1.0, 1.4142135623730951, 9.0, 2.8284271247461903, 1.0, 1.4142135623730951, 12.0, 1.4142135623730951, 0, 0, 0, 0, 0, 0, 0, 0, 12, 6, 4, 7]
8 18
[2.0, 2.8284271247461903, 8.0, 1.4142135623730951, 1.0, 1.4142135623730951, 1.0, 2.8284271247461903, 0, 0, 0, 0, 0, 0, 0, 0, 12, 6, 4, 7]
8 19
[1.0, 1.4142135623730951, 8.0, 11.313708498984761, 1.0, 1.4142135623730951, 13.0, 1.4142135623730951, 0, 0, 0, 0, 0, 0, 0, 0, 12, 6, 4, 8]
7 18
[2.0, 2.8284271247461903, 7.0, 9.899494936611665, 1.0, 1.4142135623730951, 1.0, 2.8284271247461903, 0, 0, 0, 0, 0, 0, 0, 0, 12, 6, 4, 8]
9 19
[1.0, 1.4142135623730951, 1.0, 1.4142135623730951, 1.0, 1.4142135623730951, 12.0, 1.4142135623730951, 0, 0, 0, 0, 0, 0, 0, 0, 12, 6, 4, 8]
7 19
[1.0, 1.4142135623730951, 7.0, 9.899494936611665, 2.0, 1.4142135623730951, 1.0, 1.4142135623730951, 0, 0, 0, 0, 0, 0, 0, 0, 12, 6, 4, 8]
9 18
[1.0, 1.4142135623730951, 1.0, 1.4142135623730951, 1.0, 9.899494936611665, 1.0, 2.8284271247461903, 0, 0, 0, 0, 0, 0, 0, 0, 12, 6, 3, 7]
10 19
[1.0, 1.4142135623730951, 1.0, 1.4142135623730951, 1.0, 1.4142135623730951, 11.0, 1.4142135623730951, 0, 0, 0, 0, 0, 0, 0, 0, 12, 6, 4, 8]
10 18
[2.0, 1.4142135623730951, 1.0, 1.4142135623730951, 17.0, 9.899494936611665, 1.0, 2.8284271247461903, 0, 0, 0, 0, 1, 0, 0, 0, 11, 6, 3, 6]
8 18
[1.0, 2.8284271247461903, 8.0, 1.4142135623730951, 1.0, 1.4142135623730951, 1.0, 1.4142135623730951, 0, 0, 0, 0, 0, 0, 0, 0, 11, 6, 3, 6]
10 17
[1.0, 1.4142135623730951, 1.0, 1.4142135623730951, 16.0, 8.48528137423857, 6.0, 1.4142135623730951, 0, 0, 0, 0, 1, 0, 0, 0, 10, 5, 4, 6]
11 18
[2.0, 2.8284271247461903, 1.0, 2.8284271247461903, 17.0, 9.899494936611665, 1.0, 2.8284271247461903, 0, 0, 0, 0, 1, 0, 0, 0, 10, 5, 3, 5]
10 19
[1.0, 1.4142135623730951, 1.0, 1.4142135623730951, 1.0, 1.4142135623730951, 11.0, 1.4142135623730951, 0, 0, 0, 0, 0, 0, 0, 0, 10, 5, 4, 6]
10 16
[1.0, 1.4142135623730951, 1.0, 1.4142135623730951, 15.0, 8.48528137423857, 6.0, 2.8284271247461903, 0, 0, 0, 0, 1, 0, 0, 0, 9, 4, 4, 6]
11 17
[1.0, 1.4142135623730951, 1.0, 2.8284271247461903, 16.0, 8.48528137423857, 5.0, 1.4142135623730951, 0, 0, 0, 0, 1, 0, 0, 0, 9, 4, 4, 6]
10 15
[1.0, 1.4142135623730951, 1.0, 14.142135623730951, 14.0, 8.48528137423857, 6.0, 4.242640687119285, 0, 0, 0, 0, 1, 0, 0, 0, 8, 3, 4, 6]
11 16
[2.0, 1.4142135623730951, 1.0, 15.556349186104045, 15.0, 7.0710678118654755, 5.0, 2.8284271247461903, 0, 0, 0, 0, 1, 0, 0, 0, 8, 3, 4, 6]
11 15
[1.0, 1.4142135623730951, 2.0, 5.656854249492381, 14.0, 7.0710678118654755, 5.0, 4.242640687119285, 0, 0, 0, 0, 1, 0, 0, 0, 7, 2, 4, 6]
12 16
[2.0, 2.8284271247461903, 1.0, 7.0710678118654755, 15.0, 7.0710678118654755, 4.0, 2.8284271247461903, 0, 0, 0, 0, 1, 0, 0, 0, 7, 2, 4, 6]
11 17
[1.0, 1.4142135623730951, 1.0, 1.4142135623730951, 1.0, 8.48528137423857, 5.0, 1.4142135623730951, 0, 0, 0, 0, 0, 0, 0, 0, 7, 2, 4, 6]
11 14
[1.0, 2.8284271247461903, 11.0, 4.242640687119285, 13.0, 7.0710678118654755, 10.0, 5.656854249492381, 0, 0, 0, 0, 1, 0, 0, 0, 6, 1, 4, 6]
12 15
[3.0, 1.4142135623730951, 1.0, 5.656854249492381, 14.0, 5.656854249492381, 4.0, 4.242640687119285, 0, 0, 0, 0, 1, 0, 0, 0, 6, 1, 4, 6]
10 15
[1.0, 1.4142135623730951, 1.0, 14.142135623730951, 14.0, 8.48528137423857, 1.0, 1.4142135623730951, 0, 0, 0, 0, 1, 0, 0, 0, 6, 1, 4, 6]
11 13
[1.0, 2.8284271247461903, 11.0, 2.8284271247461903, 12.0, 14.142135623730951, 10.0, 7.0710678118654755, 0, 0, 0, 0, 1, 0, 0, 0, 12, 6, 4, 6]
12 14
[4.0, 1.4142135623730951, 1.0, 4.242640687119285, 13.0, 5.656854249492381, 9.0, 5.656854249492381, 0, 0, 0, 0, 1, 0, 0, 0, 12, 6, 4, 6]
10 14
[2.0, 1.4142135623730951, 10.0, 4.242640687119285, 13.0, 15.556349186104045, 1.0, 1.4142135623730951, 0, 0, 0, 0, 1, 0, 0, 0, 12, 6, 4, 6]
11 12
[1.0, 4.242640687119285, 11.0, 2.8284271247461903, 11.0, 9.899494936611665, 10.0, 7.0710678118654755, 0, 0, 0, 0, 1, 0, 0, 0, 12, 6, 4, 6]
12 13
[5.0, 1.4142135623730951, 1.0, 4.242640687119285, 12.0, 5.656854249492381, 9.0, 5.656854249492381, 0, 0, 0, 0, 1, 0, 0, 0, 12, 6, 4, 6]
10 13
[3.0, 2.8284271247461903, 10.0, 2.8284271247461903, 12.0, 11.313708498984761, 1.0, 1.4142135623730951, 0, 0, 0, 0, 1, 0, 0, 0, 12, 6, 4, 6]
11 11
[1.0, 5.656854249492381, 2.0, 2.8284271247461903, 10.0, 8.48528137423857, 5.0, 7.0710678118654755, 0, 0, 0, 0, 1, 0, 0, 0, 12, 6, 4, 6]
12 12
[6.0, 1.4142135623730951, 1.0, 4.242640687119285, 11.0, 12.727922061357855, 9.0, 5.656854249492381, 0, 0, 0, 0, 1, 0, 0, 0, 12, 6, 4, 6]
10 12
[4.0, 4.242640687119285, 10.0, 1.4142135623730951, 11.0, 9.899494936611665, 1.0, 1.4142135623730951, 0, 0, 0, 0, 1, 0, 0, 0, 12, 6, 4, 6]
10 11
[1.0, 12.727922061357855, 1.0, 1.4142135623730951, 10.0, 8.48528137423857, 6.0, 1.4142135623730951, 0, 0, 0, 0, 1, 0, 0, 0, 12, 6, 4, 6]
10 13
[3.0, 2.8284271247461903, 10.0, 2.8284271247461903, 1.0, 1.4142135623730951, 1.0, 1.4142135623730951, 0, 0, 0, 0, 0, 0, 0, 0, 12, 6, 4, 6]
9 12
[3.0, 11.313708498984761, 9.0, 1.4142135623730951, 1.0, 9.899494936611665, 1.0, 2.8284271247461903, 0, 0, 0, 0, 0, 0, 0, 0, 12, 6, 4, 6]
9 13
[2.0, 2.8284271247461903, 9.0, 2.8284271247461903, 1.0, 1.4142135623730951, 2.0, 2.8284271247461903, 0, 0, 0, 0, 0, 0, 0, 0, 12, 6, 4, 6]
8 12
[3.0, 11.313708498984761, 8.0, 1.4142135623730951, 1.0, 1.4142135623730951, 1.0, 4.242640687119285, 0, 0, 0, 0, 0, 0, 0, 0, 12, 6, 4, 6]
8 13
[2.0, 9.899494936611665, 8.0, 11.313708498984761, 1.0, 1.4142135623730951, 3.0, 4.242640687119285, 0, 0, 0, 0, 0, 0, 0, 0, 12, 6, 4, 7]
7 12
[3.0, 9.899494936611665, 7.0, 9.899494936611665, 1.0, 1.4142135623730951, 1.0, 5.656854249492381, 0, 0, 0, 0, 0, 0, 0, 0, 12, 6, 4, 7]
7 13
[2.0, 9.899494936611665, 7.0, 9.899494936611665, 1.0, 1.4142135623730951, 4.0, 2.8284271247461903, 0, 0, 0, 0, 0, 0, 0, 0, 12, 6, 4, 8]
6 12
[8.0, 8.48528137423857, 6.0, 8.48528137423857, 11.0, 1.4142135623730951, 1.0, 4.242640687119285, 0, 0, 0, 0, 1, 0, 0, 0, 12, 6, 4, 8]
6 11
[1.0, 8.48528137423857, 6.0, 8.48528137423857, 10.0, 1.4142135623730951, 1.0, 1.4142135623730951, 0, 0, 0, 0, 1, 0, 0, 0, 12, 6, 4, 9]
6 13
[7.0, 8.48528137423857, 6.0, 8.48528137423857, 1.0, 1.4142135623730951, 5.0, 2.8284271247461903, 0, 0, 0, 0, 0, 0, 0, 0, 12, 6, 4, 9]
5 12
[8.0, 7.0710678118654755, 5.0, 7.0710678118654755, 11.0, 2.8284271247461903, 1.0, 4.242640687119285, 0, 0, 0, 0, 1, 0, 0, 0, 12, 6, 4, 9]
5 11
[1.0, 7.0710678118654755, 5.0, 7.0710678118654755, 10.0, 2.8284271247461903, 2.0, 1.4142135623730951, 0, 0, 0, 0, 1, 0, 0, 0, 12, 6, 4, 9]
5 13
[7.0, 7.0710678118654755, 5.0, 7.0710678118654755, 1.0, 1.4142135623730951, 6.0, 2.8284271247461903, 0, 0, 0, 0, 0, 0, 0, 0, 12, 6, 4, 9]
4 12
[8.0, 5.656854249492381, 4.0, 5.656854249492381, 11.0, 4.242640687119285, 1.0, 4.242640687119285, 0, 0, 0, 0, 1, 0, 0, 0, 12, 6, 4, 9]
4 11
[1.0, 5.656854249492381, 4.0, 5.656854249492381, 10.0, 12.727922061357855, 3.0, 1.4142135623730951, 0, 0, 0, 0, 1, 1, 0, 0, 12, 6, 4, 9]
4 13
[7.0, 5.656854249492381, 4.0, 5.656854249492381, 1.0, 1.4142135623730951, 7.0, 4.242640687119285, 0, 0, 0, 0, 0, 0, 0, 0, 12, 6, 4, 9]
3 12
[8.0, 4.242640687119285, 3.0, 4.242640687119285, 11.0, 14.142135623730951, 1.0, 5.656854249492381, 0, 0, 0, 0, 1, 1, 0, 0, 12, 6, 4, 9]
3 11
[1.0, 4.242640687119285, 3.0, 4.242640687119285, 10.0, 8.48528137423857, 4.0, 1.4142135623730951, 0, 0, 0, 0, 1, 0, 0, 0, 12, 6, 4, 9]
3 13
[7.0, 4.242640687119285, 3.0, 4.242640687119285, 1.0, 1.4142135623730951, 8.0, 5.656854249492381, 0, 0, 0, 0, 0, 0, 0, 0, 12, 6, 4, 9]
2 12
[8.0, 2.8284271247461903, 2.0, 2.8284271247461903, 11.0, 9.899494936611665, 1.0, 7.0710678118654755, 0, 0, 0, 0, 1, 0, 0, 0, 12, 6, 4, 9]
2 11
[1.0, 2.8284271247461903, 2.0, 2.8284271247461903, 10.0, 8.48528137423857, 5.0, 1.4142135623730951, 0, 0, 0, 0, 1, 0, 0, 0, 12, 6, 4, 9]
2 13
[7.0, 2.8284271247461903, 2.0, 2.8284271247461903, 1.0, 1.4142135623730951, 9.0, 8.48528137423857, 0, 0, 0, 0, 0, 0, 0, 0, 12, 6, 4, 9]
1 12
[8.0, 1.4142135623730951, 1.0, 1.4142135623730951, 11.0, 9.899494936611665, 1.0, 9.899494936611665, 0, 0, 0, 0, 1, 0, 0, 0, 12, 6, 4, 9]
1 11
[1.0, 1.4142135623730951, 1.0, 1.4142135623730951, 10.0, 8.48528137423857, 6.0, 1.4142135623730951, 0, 0, 0, 0, 1, 0, 0, 0, 12, 6, 4, 9]
1 13
[7.0, 1.4142135623730951, 1.0, 1.4142135623730951, 1.0, 1.4142135623730951, 10.0, 9.899494936611665, 0, 0, 0, 0, 0, 0, 0, 0, 12, 6, 4, 9]
2 13
[7.0, 2.8284271247461903, 1.0, 1.4142135623730951, 1.0, 1.4142135623730951, 9.0, 8.48528137423857, 0, 0, 0, 0, 0, 0, 0, 0, 12, 6, 4, 9]
1 14
[6.0, 1.4142135623730951, 1.0, 1.4142135623730951, 1.0, 2.8284271247461903, 10.0, 8.48528137423857, 0, 0, 0, 0, 0, 0, 0, 0, 12, 6, 4, 9]
2 12
[1.0, 1.4142135623730951, 1.0, 2.8284271247461903, 11.0, 9.899494936611665, 1.0, 7.0710678118654755, 0, 0, 0, 0, 1, 0, 0, 0, 12, 6, 3, 8]
3 13
[7.0, 4.242640687119285, 1.0, 1.4142135623730951, 1.0, 1.4142135623730951, 8.0, 5.656854249492381, 0, 0, 0, 0, 0, 0, 0, 0, 12, 6, 4, 9]
2 14
[6.0, 2.8284271247461903, 2.0, 1.4142135623730951, 1.0, 2.8284271247461903, 9.0, 8.48528137423857, 0, 0, 0, 0, 0, 0, 0, 0, 12, 6, 4, 9]
3 14
[6.0, 4.242640687119285, 1.0, 1.4142135623730951, 2.0, 2.8284271247461903, 8.0, 7.0710678118654755, 0, 0, 0, 0, 0, 0, 0, 0, 12, 6, 4, 49]
2 15
[5.0, 2.8284271247461903, 2.0, 2.8284271247461903, 1.0, 4.242640687119285, 5.0, 7.0710678118654755, 0, 0, 0, 0, 0, 0, 0, 0, 12, 6, 4, 49]
1 14
[6.0, 1.4142135623730951, 1.0, 1.4142135623730951, 1.0, 1.4142135623730951, 1.0, 8.48528137423857, 0, 0, 0, 0, 0, 0, 0, 0, 12, 6, 4, 49]
Winner side: Yellow
Details:
  Scores:
    Blue -> 0
    Yellow -> 48
