Loading config from configs\gamecfg70.json
Loading neural network from nn\nn_70.pkl
Starting client
Connecting to host 'localhost' port 8070
Connected successfully
joined the game successfully
Side: Blue
2 1
[19.0, 2.8284271247461903, 1.0, 1.4142135623730951, 1.0, 1.4142135623730951, 19.0, 19.79898987322333, 0, 0, 0, 0, 0, 0, 0, 0, 12, 6, 4, 1]
1 2
[18.0, 1.4142135623730951, 1.0, 1.4142135623730951, 1.0, 2.8284271247461903, 20.0, 9.899494936611665, 0, 0, 0, 0, 0, 0, 0, 0, 12, 6, 4, 1]
3 1
[19.0, 4.242640687119285, 1.0, 1.4142135623730951, 1.0, 1.4142135623730951, 18.0, 5.656854249492381, 0, 0, 0, 0, 0, 0, 0, 0, 12, 6, 4, 1]
2 2
[18.0, 2.8284271247461903, 2.0, 1.4142135623730951, 1.0, 2.8284271247461903, 19.0, 9.899494936611665, 0, 0, 0, 0, 0, 0, 0, 0, 12, 6, 4, 1]
3 2
[18.0, 4.242640687119285, 1.0, 1.4142135623730951, 2.0, 2.8284271247461903, 18.0, 18.384776310850235, 0, 0, 0, 0, 0, 0, 0, 0, 12, 6, 4, 1]
2 3
[17.0, 2.8284271247461903, 2.0, 2.8284271247461903, 1.0, 4.242640687119285, 5.0, 8.48528137423857, 0, 0, 0, 0, 0, 0, 0, 0, 12, 6, 4, 1]
1 2
[18.0, 1.4142135623730951, 1.0, 1.4142135623730951, 1.0, 1.4142135623730951, 1.0, 9.899494936611665, 0, 0, 0, 0, 0, 0, 0, 0, 12, 6, 4, 1]
3 1
[1.0, 1.4142135623730951, 1.0, 1.4142135623730951, 1.0, 1.4142135623730951, 18.0, 5.656854249492381, 0, 0, 0, 0, 0, 0, 0, 0, 12, 6, 4, 1]
4 2
[18.0, 5.656854249492381, 1.0, 2.8284271247461903, 2.0, 2.8284271247461903, 17.0, 4.242640687119285, 0, 0, 0, 0, 0, 0, 0, 0, 12, 6, 4, 1]
3 3
[17.0, 4.242640687119285, 3.0, 1.4142135623730951, 1.0, 4.242640687119285, 4.0, 8.48528137423857, 0, 0, 0, 0, 0, 0, 0, 0, 12, 6, 4, 1]
4 1
[1.0, 1.4142135623730951, 2.0, 1.4142135623730951, 1.0, 1.4142135623730951, 17.0, 4.242640687119285, 0, 0, 0, 0, 0, 0, 0, 0, 12, 6, 4, 1]
5 2
[18.0, 7.0710678118654755, 1.0, 2.8284271247461903, 2.0, 2.8284271247461903, 16.0, 2.8284271247461903, 0, 0, 0, 0, 0, 0, 0, 0, 12, 6, 4, 1]
4 3
[17.0, 5.656854249492381, 4.0, 1.4142135623730951, 1.0, 4.242640687119285, 3.0, 16.97056274847714, 0, 0, 0, 0, 0, 0, 0, 0, 12, 6, 4, 1]
5 3
[17.0, 7.0710678118654755, 1.0, 1.4142135623730951, 3.0, 4.242640687119285, 2.0, 2.8284271247461903, 0, 0, 0, 0, 0, 0, 0, 0, 12, 6, 4, 1]
4 4
[16.0, 5.656854249492381, 4.0, 2.8284271247461903, 1.0, 5.656854249492381, 3.0, 7.0710678118654755, 0, 0, 0, 0, 0, 0, 0, 0, 12, 6, 4, 1]
3 3
[17.0, 4.242640687119285, 3.0, 1.4142135623730951, 1.0, 1.4142135623730951, 1.0, 8.48528137423857, 0, 0, 0, 0, 0, 0, 0, 0, 12, 6, 4, 1]
3 2
[1.0, 4.242640687119285, 1.0, 1.4142135623730951, 2.0, 2.8284271247461903, 1.0, 1.4142135623730951, 0, 0, 0, 0, 0, 0, 0, 0, 12, 6, 3, 0]
3 4
[16.0, 4.242640687119285, 3.0, 4.242640687119285, 1.0, 1.4142135623730951, 4.0, 7.0710678118654755, 0, 0, 0, 0, 0, 0, 0, 0, 12, 6, 4, 1]
2 3
[17.0, 2.8284271247461903, 2.0, 2.8284271247461903, 1.0, 1.4142135623730951, 1.0, 8.48528137423857, 0, 0, 0, 0, 0, 0, 0, 0, 12, 6, 4, 1]
2 2
[1.0, 2.8284271247461903, 2.0, 1.4142135623730951, 1.0, 2.8284271247461903, 1.0, 1.4142135623730951, 0, 0, 0, 0, 0, 0, 0, 0, 12, 6, 3, 0]
2 4
[16.0, 2.8284271247461903, 2.0, 2.8284271247461903, 1.0, 1.4142135623730951, 5.0, 7.0710678118654755, 0, 0, 0, 0, 0, 0, 0, 0, 12, 6, 4, 1]
1 3
[17.0, 1.4142135623730951, 1.0, 1.4142135623730951, 2.0, 1.4142135623730951, 1.0, 8.48528137423857, 0, 0, 0, 0, 0, 0, 0, 0, 12, 6, 4, 1]
1 2
[1.0, 1.4142135623730951, 1.0, 1.4142135623730951, 1.0, 1.4142135623730951, 1.0, 1.4142135623730951, 0, 0, 0, 0, 0, 0, 0, 0, 12, 6, 4, 1]
1 4
[16.0, 1.4142135623730951, 1.0, 1.4142135623730951, 1.0, 1.4142135623730951, 6.0, 8.48528137423857, 0, 0, 0, 0, 0, 0, 0, 0, 12, 6, 4, 1]
2 4
[16.0, 2.8284271247461903, 1.0, 1.4142135623730951, 1.0, 1.4142135623730951, 5.0, 7.0710678118654755, 0, 0, 0, 0, 0, 0, 0, 0, 12, 6, 4, 1]
1 5
[15.0, 1.4142135623730951, 1.0, 1.4142135623730951, 1.0, 2.8284271247461903, 6.0, 8.48528137423857, 0, 0, 0, 0, 0, 0, 0, 0, 12, 6, 4, 1]
2 3
[1.0, 1.4142135623730951, 1.0, 2.8284271247461903, 1.0, 1.4142135623730951, 1.0, 8.48528137423857, 0, 0, 0, 0, 0, 0, 0, 0, 12, 6, 3, 0]
3 4
[16.0, 4.242640687119285, 1.0, 1.4142135623730951, 1.0, 1.4142135623730951, 4.0, 7.0710678118654755, 0, 0, 0, 0, 0, 0, 0, 0, 12, 6, 4, 1]
2 5
[15.0, 2.8284271247461903, 2.0, 1.4142135623730951, 1.0, 2.8284271247461903, 5.0, 7.0710678118654755, 0, 0, 0, 0, 0, 0, 0, 0, 12, 6, 4, 1]
3 3
[1.0, 1.4142135623730951, 1.0, 1.4142135623730951, 1.0, 1.4142135623730951, 1.0, 8.48528137423857, 0, 0, 0, 0, 0, 0, 0, 0, 12, 6, 3, 0]
4 4
[16.0, 5.656854249492381, 1.0, 1.4142135623730951, 1.0, 5.656854249492381, 3.0, 7.0710678118654755, 0, 0, 0, 0, 0, 0, 0, 0, 12, 6, 4, 1]
3 5
[15.0, 4.242640687119285, 3.0, 1.4142135623730951, 1.0, 7.0710678118654755, 4.0, 5.656854249492381, 0, 0, 0, 0, 0, 0, 0, 0, 12, 6, 4, 1]
4 3
[1.0, 1.4142135623730951, 1.0, 1.4142135623730951, 1.0, 4.242640687119285, 3.0, 16.97056274847714, 0, 0, 0, 0, 0, 0, 0, 0, 12, 6, 3, 0]
5 4
[16.0, 7.0710678118654755, 1.0, 1.4142135623730951, 4.0, 5.656854249492381, 2.0, 15.556349186104045, 0, 0, 0, 0, 0, 0, 0, 0, 12, 6, 4, 1]
4 5
[15.0, 5.656854249492381, 4.0, 1.4142135623730951, 1.0, 7.0710678118654755, 3.0, 5.656854249492381, 0, 0, 0, 0, 0, 0, 0, 0, 12, 6, 4, 1]
5 3
[1.0, 1.4142135623730951, 1.0, 1.4142135623730951, 3.0, 4.242640687119285, 2.0, 2.8284271247461903, 0, 0, 0, 0, 0, 0, 0, 0, 12, 6, 4, 1]
6 4
[16.0, 8.48528137423857, 1.0, 2.8284271247461903, 4.0, 1.4142135623730951, 1.0, 1.4142135623730951, 0, 0, 0, 0, 0, 0, 0, 0, 12, 6, 4, 1]
5 5
[15.0, 7.0710678118654755, 5.0, 1.4142135623730951, 1.0, 2.8284271247461903, 2.0, 5.656854249492381, 0, 0, 0, 0, 0, 0, 0, 0, 12, 6, 4, 1]
6 5
[15.0, 8.48528137423857, 1.0, 1.4142135623730951, 5.0, 1.4142135623730951, 1.0, 14.142135623730951, 0, 0, 0, 0, 0, 0, 0, 0, 12, 6, 4, 1]
5 6
[14.0, 7.0710678118654755, 5.0, 2.8284271247461903, 1.0, 2.8284271247461903, 16.0, 4.242640687119285, 0, 0, 0, 0, 0, 0, 0, 0, 12, 6, 4, 1]
4 5
[15.0, 5.656854249492381, 4.0, 1.4142135623730951, 1.0, 1.4142135623730951, 1.0, 5.656854249492381, 0, 0, 0, 0, 0, 0, 0, 0, 12, 6, 4, 1]
6 4
[1.0, 1.4142135623730951, 1.0, 2.8284271247461903, 4.0, 1.4142135623730951, 1.0, 1.4142135623730951, 0, 0, 0, 0, 0, 0, 0, 0, 12, 6, 4, 1]
6 6
[14.0, 8.48528137423857, 6.0, 1.4142135623730951, 1.0, 1.4142135623730951, 15.0, 4.242640687119285, 0, 0, 0, 0, 0, 0, 0, 0, 12, 6, 4, 1]
7 6
[3.0, 9.899494936611665, 1.0, 1.4142135623730951, 1.0, 1.4142135623730951, 14.0, 12.727922061357855, 0, 0, 0, 0, 0, 0, 0, 0, 12, 6, 4, 1]
6 7
[13.0, 8.48528137423857, 6.0, 4.242640687119285, 1.0, 2.8284271247461903, 15.0, 2.8284271247461903, 0, 0, 0, 0, 0, 0, 0, 0, 12, 6, 4, 1]
5 6
[14.0, 7.0710678118654755, 5.0, 2.8284271247461903, 1.0, 1.4142135623730951, 1.0, 4.242640687119285, 0, 0, 0, 0, 0, 0, 0, 0, 12, 6, 4, 1]
8 6
[3.0, 11.313708498984761, 1.0, 1.4142135623730951, 1.0, 1.4142135623730951, 13.0, 12.727922061357855, 0, 0, 0, 0, 0, 0, 0, 0, 12, 6, 4, 1]
7 7
[2.0, 9.899494936611665, 7.0, 1.4142135623730951, 1.0, 2.8284271247461903, 14.0, 2.8284271247461903, 0, 0, 0, 0, 0, 0, 0, 0, 12, 6, 4, 1]
9 6
[3.0, 12.727922061357855, 1.0, 1.4142135623730951, 1.0, 8.48528137423857, 12.0, 12.727922061357855, 0, 0, 0, 0, 0, 0, 0, 0, 12, 6, 4, 1]
8 7
[2.0, 11.313708498984761, 8.0, 1.4142135623730951, 1.0, 9.899494936611665, 13.0, 11.313708498984761, 0, 0, 0, 0, 0, 0, 0, 0, 12, 6, 4, 1]
10 6
[14.0, 4.242640687119285, 1.0, 1.4142135623730951, 6.0, 8.48528137423857, 11.0, 15.556349186104045, 0, 0, 0, 0, 0, 0, 0, 0, 12, 6, 4, 1]
9 7
[2.0, 2.8284271247461903, 9.0, 1.4142135623730951, 1.0, 9.899494936611665, 12.0, 11.313708498984761, 0, 0, 0, 0, 0, 0, 0, 0, 12, 6, 4, 1]
10 5
[1.0, 1.4142135623730951, 1.0, 1.4142135623730951, 5.0, 7.0710678118654755, 6.0, 8.48528137423857, 0, 0, 0, 0, 0, 0, 0, 0, 12, 6, 4, 1]
11 6
[14.0, 4.242640687119285, 1.0, 2.8284271247461903, 6.0, 8.48528137423857, 10.0, 7.0710678118654755, 0, 0, 0, 0, 0, 0, 0, 0, 12, 6, 4, 1]
10 7
[13.0, 2.8284271247461903, 10.0, 1.4142135623730951, 1.0, 9.899494936611665, 11.0, 11.313708498984761, 0, 0, 0, 0, 0, 0, 0, 0, 12, 6, 4, 1]
11 7
[13.0, 2.8284271247461903, 1.0, 1.4142135623730951, 7.0, 9.899494936611665, 10.0, 14.142135623730951, 0, 0, 0, 0, 0, 0, 0, 0, 12, 6, 4, 1]
10 8
[12.0, 1.4142135623730951, 10.0, 2.8284271247461903, 1.0, 11.313708498984761, 11.0, 9.899494936611665, 0, 0, 0, 0, 0, 0, 0, 0, 12, 6, 4, 1]
9 7
[2.0, 2.8284271247461903, 9.0, 1.4142135623730951, 1.0, 1.4142135623730951, 1.0, 11.313708498984761, 0, 0, 0, 0, 0, 0, 0, 0, 12, 6, 4, 1]
11 6
[1.0, 1.4142135623730951, 1.0, 2.8284271247461903, 6.0, 8.48528137423857, 10.0, 7.0710678118654755, 0, 0, 0, 0, 0, 0, 0, 0, 12, 6, 4, 1]
12 7
[13.0, 4.242640687119285, 1.0, 4.242640687119285, 7.0, 5.656854249492381, 9.0, 5.656854249492381, 0, 0, 0, 0, 0, 0, 0, 0, 12, 6, 4, 1]
11 8
[12.0, 2.8284271247461903, 11.0, 1.4142135623730951, 1.0, 7.0710678118654755, 10.0, 9.899494936611665, 0, 0, 0, 0, 0, 0, 0, 0, 12, 6, 4, 1]
12 8
[12.0, 4.242640687119285, 1.0, 1.4142135623730951, 8.0, 5.656854249492381, 9.0, 12.727922061357855, 0, 0, 0, 0, 0, 0, 0, 0, 12, 6, 4, 1]
11 9
[11.0, 2.8284271247461903, 2.0, 4.242640687119285, 1.0, 7.0710678118654755, 5.0, 8.48528137423857, 0, 0, 0, 0, 0, 0, 0, 0, 12, 6, 4, 1]
10 8
[12.0, 1.4142135623730951, 10.0, 2.8284271247461903, 1.0, 1.4142135623730951, 1.0, 9.899494936611665, 0, 0, 0, 0, 0, 0, 0, 0, 12, 6, 4, 1]
12 7
[1.0, 1.4142135623730951, 1.0, 4.242640687119285, 7.0, 5.656854249492381, 9.0, 5.656854249492381, 0, 0, 0, 0, 0, 0, 0, 0, 12, 6, 4, 2]
13 8
[12.0, 16.97056274847714, 1.0, 5.656854249492381, 8.0, 4.242640687119285, 8.0, 4.242640687119285, 0, 0, 0, 0, 0, 0, 0, 0, 12, 6, 4, 2]
12 9
[11.0, 15.556349186104045, 3.0, 1.4142135623730951, 1.0, 5.656854249492381, 4.0, 8.48528137423857, 0, 0, 0, 0, 0, 0, 0, 0, 12, 6, 4, 2]
13 9
[11.0, 8.48528137423857, 1.0, 1.4142135623730951, 9.0, 5.656854249492381, 3.0, 11.313708498984761, 0, 0, 0, 0, 0, 0, 0, 0, 12, 6, 4, 3]
12 10
[10.0, 7.0710678118654755, 3.0, 5.656854249492381, 1.0, 7.0710678118654755, 4.0, 7.0710678118654755, 0, 0, 0, 0, 0, 0, 0, 0, 12, 6, 4, 3]
11 9
[11.0, 2.8284271247461903, 2.0, 4.242640687119285, 1.0, 1.4142135623730951, 1.0, 8.48528137423857, 0, 0, 0, 0, 0, 0, 0, 0, 12, 6, 4, 3]
13 8
[1.0, 1.4142135623730951, 1.0, 5.656854249492381, 8.0, 4.242640687119285, 8.0, 4.242640687119285, 0, 0, 0, 0, 0, 0, 0, 0, 12, 6, 4, 3]
14 9
[11.0, 8.48528137423857, 1.0, 7.0710678118654755, 9.0, 5.656854249492381, 2.0, 2.8284271247461903, 0, 0, 0, 0, 0, 0, 0, 0, 12, 6, 4, 3]
13 10
[10.0, 7.0710678118654755, 4.0, 1.4142135623730951, 1.0, 7.0710678118654755, 3.0, 7.0710678118654755, 0, 0, 0, 0, 0, 0, 0, 0, 12, 6, 4, 3]
14 10
[10.0, 7.0710678118654755, 1.0, 1.4142135623730951, 10.0, 9.899494936611665, 2.0, 9.899494936611665, 0, 0, 0, 0, 0, 0, 0, 0, 12, 6, 4, 4]
13 11
[9.0, 5.656854249492381, 4.0, 7.0710678118654755, 1.0, 11.313708498984761, 3.0, 5.656854249492381, 0, 0, 0, 0, 0, 0, 0, 0, 12, 6, 4, 4]
12 10
[10.0, 7.0710678118654755, 3.0, 5.656854249492381, 1.0, 1.4142135623730951, 1.0, 7.0710678118654755, 0, 0, 0, 0, 0, 0, 0, 0, 12, 6, 4, 4]
12 9
[1.0, 15.556349186104045, 3.0, 1.4142135623730951, 1.0, 5.656854249492381, 1.0, 1.4142135623730951, 0, 0, 0, 0, 0, 0, 0, 0, 12, 6, 3, 4]
12 11
[9.0, 5.656854249492381, 3.0, 7.0710678118654755, 1.0, 1.4142135623730951, 4.0, 5.656854249492381, 0, 0, 0, 0, 0, 0, 0, 0, 12, 6, 4, 5]
11 10
[10.0, 14.142135623730951, 2.0, 5.656854249492381, 2.0, 1.4142135623730951, 1.0, 7.0710678118654755, 0, 0, 0, 0, 0, 0, 0, 0, 12, 6, 4, 5]
11 9
[1.0, 2.8284271247461903, 2.0, 4.242640687119285, 1.0, 1.4142135623730951, 1.0, 1.4142135623730951, 0, 0, 0, 0, 0, 0, 0, 0, 12, 6, 4, 6]
11 11
[9.0, 5.656854249492381, 2.0, 2.8284271247461903, 1.0, 1.4142135623730951, 5.0, 7.0710678118654755, 0, 0, 0, 0, 0, 0, 0, 0, 12, 6, 4, 6]
10 10
[10.0, 1.4142135623730951, 1.0, 1.4142135623730951, 3.0, 2.8284271247461903, 1.0, 8.48528137423857, 0, 0, 0, 0, 0, 0, 0, 0, 12, 6, 4, 6]
12 11
[9.0, 5.656854249492381, 1.0, 1.4142135623730951, 1.0, 1.4142135623730951, 4.0, 5.656854249492381, 0, 0, 0, 0, 0, 0, 0, 0, 12, 6, 4, 7]
11 12
[8.0, 4.242640687119285, 11.0, 2.8284271247461903, 1.0, 2.8284271247461903, 10.0, 7.0710678118654755, 0, 0, 0, 0, 0, 0, 0, 0, 12, 6, 4, 7]
10 11
[9.0, 12.727922061357855, 1.0, 1.4142135623730951, 4.0, 1.4142135623730951, 1.0, 8.48528137423857, 0, 0, 0, 0, 0, 0, 0, 0, 12, 6, 4, 7]
12 10
[1.0, 1.4142135623730951, 1.0, 5.656854249492381, 1.0, 1.4142135623730951, 1.0, 7.0710678118654755, 0, 0, 0, 0, 0, 0, 0, 0, 12, 6, 3, 7]
13 11
[9.0, 5.656854249492381, 1.0, 1.4142135623730951, 1.0, 11.313708498984761, 3.0, 5.656854249492381, 0, 0, 0, 0, 0, 0, 0, 0, 12, 6, 4, 8]
12 12
[8.0, 4.242640687119285, 12.0, 1.4142135623730951, 1.0, 12.727922061357855, 9.0, 5.656854249492381, 0, 0, 0, 0, 0, 0, 0, 0, 12, 6, 4, 8]
13 10
[1.0, 1.4142135623730951, 1.0, 1.4142135623730951, 1.0, 7.0710678118654755, 3.0, 7.0710678118654755, 0, 0, 0, 0, 0, 0, 0, 0, 12, 6, 3, 7]
14 11
[9.0, 7.0710678118654755, 1.0, 1.4142135623730951, 11.0, 2.8284271247461903, 2.0, 5.656854249492381, 0, 0, 0, 0, 0, 0, 0, 0, 12, 6, 4, 8]
13 12
[8.0, 5.656854249492381, 13.0, 1.4142135623730951, 1.0, 4.242640687119285, 8.0, 4.242640687119285, 0, 0, 0, 0, 0, 0, 0, 0, 12, 6, 4, 8]
14 10
[1.0, 1.4142135623730951, 1.0, 1.4142135623730951, 10.0, 9.899494936611665, 2.0, 9.899494936611665, 0, 0, 0, 0, 0, 0, 0, 0, 12, 6, 4, 9]
15 11
[9.0, 8.48528137423857, 1.0, 2.8284271247461903, 11.0, 1.4142135623730951, 1.0, 8.48528137423857, 0, 0, 0, 0, 0, 0, 0, 0, 12, 6, 4, 9]
14 12
[8.0, 7.0710678118654755, 14.0, 1.4142135623730951, 1.0, 2.8284271247461903, 7.0, 4.242640687119285, 0, 0, 0, 0, 0, 0, 0, 0, 12, 6, 4, 9]
15 10
[1.0, 1.4142135623730951, 2.0, 8.48528137423857, 10.0, 1.4142135623730951, 1.0, 1.4142135623730951, 0, 0, 0, 0, 0, 0, 0, 0, 12, 6, 4, 49]
15 12
[8.0, 11.313708498984761, 15.0, 1.4142135623730951, 1.0, 1.4142135623730951, 6.0, 4.242640687119285, 0, 0, 0, 0, 0, 0, 0, 0, 12, 6, 4, 49]
Winner side: Blue
Details:
  Scores:
    Blue -> 34
    Yellow -> -14
