Loading config from configs\gamecfg26.json
Loading neural network from nn\nn_26.pkl
Starting client
Connecting to host 'localhost' port 8026
Connected successfully
joined the game successfully
Side: Blue
2 1
[19.0, 2.8284271247461903, 1.0, 1.4142135623730951, 1.0, 1.4142135623730951, 19.0, 19.79898987322333, 0, 0, 0, 0, 0, 0, 0, 0, 12, 6, 4, 1]
1 2
[18.0, 1.4142135623730951, 1.0, 1.4142135623730951, 1.0, 2.8284271247461903, 20.0, 9.899494936611665, 0, 0, 0, 0, 0, 0, 0, 0, 12, 6, 4, 1]
3 1
[19.0, 4.242640687119285, 1.0, 1.4142135623730951, 1.0, 1.4142135623730951, 18.0, 5.656854249492381, 0, 0, 0, 0, 0, 0, 0, 0, 12, 6, 4, 1]
2 2
[18.0, 2.8284271247461903, 2.0, 1.4142135623730951, 1.0, 2.8284271247461903, 19.0, 9.899494936611665, 0, 0, 0, 0, 0, 0, 0, 0, 12, 6, 4, 1]
3 2
[18.0, 4.242640687119285, 1.0, 1.4142135623730951, 2.0, 2.8284271247461903, 18.0, 18.384776310850235, 0, 0, 0, 0, 0, 0, 0, 0, 12, 6, 4, 1]
2 3
[17.0, 2.8284271247461903, 2.0, 2.8284271247461903, 1.0, 4.242640687119285, 5.0, 8.48528137423857, 0, 0, 0, 0, 0, 0, 0, 0, 12, 6, 4, 1]
1 2
[18.0, 1.4142135623730951, 1.0, 1.4142135623730951, 1.0, 1.4142135623730951, 1.0, 9.899494936611665, 0, 0, 0, 0, 0, 0, 0, 0, 12, 6, 4, 1]
3 1
[1.0, 1.4142135623730951, 1.0, 1.4142135623730951, 1.0, 1.4142135623730951, 18.0, 5.656854249492381, 0, 0, 0, 0, 0, 0, 0, 0, 12, 6, 4, 1]
4 2
[18.0, 5.656854249492381, 1.0, 2.8284271247461903, 2.0, 2.8284271247461903, 17.0, 4.242640687119285, 0, 0, 0, 0, 0, 0, 0, 0, 12, 6, 4, 1]
3 3
[17.0, 4.242640687119285, 3.0, 1.4142135623730951, 1.0, 4.242640687119285, 4.0, 8.48528137423857, 0, 0, 0, 0, 0, 0, 0, 0, 12, 6, 4, 1]
4 1
[19.0, 1.4142135623730951, 1.0, 1.4142135623730951, 1.0, 1.4142135623730951, 17.0, 4.242640687119285, 0, 0, 0, 0, 0, 0, 0, 0, 12, 6, 4, 2]
2 1
[1.0, 2.8284271247461903, 1.0, 1.4142135623730951, 1.0, 1.4142135623730951, 1.0, 1.4142135623730951, 0, 0, 0, 0, 0, 0, 0, 0, 12, 6, 3, 1]
5 1
[19.0, 7.0710678118654755, 1.0, 1.4142135623730951, 1.0, 1.4142135623730951, 16.0, 2.8284271247461903, 0, 0, 0, 0, 0, 0, 0, 0, 12, 6, 4, 3]
4 2
[18.0, 5.656854249492381, 1.0, 1.4142135623730951, 1.0, 2.8284271247461903, 17.0, 4.242640687119285, 0, 0, 0, 0, 0, 0, 0, 0, 12, 6, 4, 3]
5 2
[18.0, 7.0710678118654755, 1.0, 1.4142135623730951, 2.0, 2.8284271247461903, 16.0, 2.8284271247461903, 0, 0, 0, 0, 0, 0, 0, 0, 12, 6, 4, 4]
4 3
[17.0, 5.656854249492381, 4.0, 1.4142135623730951, 1.0, 4.242640687119285, 3.0, 16.97056274847714, 0, 0, 0, 0, 0, 0, 0, 0, 12, 6, 4, 4]
3 2
[18.0, 4.242640687119285, 1.0, 1.4142135623730951, 1.0, 1.4142135623730951, 1.0, 18.384776310850235, 0, 0, 0, 0, 0, 0, 0, 0, 12, 6, 3, 3]
3 1
[1.0, 1.4142135623730951, 1.0, 1.4142135623730951, 1.0, 1.4142135623730951, 1.0, 1.4142135623730951, 0, 0, 0, 0, 0, 0, 0, 0, 11, 6, 3, 3]
3 3
[17.0, 4.242640687119285, 3.0, 1.4142135623730951, 1.0, 1.4142135623730951, 4.0, 8.48528137423857, 0, 0, 0, 0, 0, 0, 0, 0, 11, 6, 4, 4]
2 2
[18.0, 2.8284271247461903, 2.0, 1.4142135623730951, 1.0, 1.4142135623730951, 1.0, 9.899494936611665, 0, 0, 0, 0, 0, 0, 0, 0, 11, 6, 3, 3]
2 1
[1.0, 2.8284271247461903, 1.0, 1.4142135623730951, 1.0, 1.4142135623730951, 1.0, 1.4142135623730951, 0, 0, 0, 0, 0, 0, 0, 0, 10, 5, 3, 3]
2 3
[17.0, 2.8284271247461903, 2.0, 2.8284271247461903, 1.0, 1.4142135623730951, 5.0, 8.48528137423857, 0, 0, 0, 0, 0, 0, 0, 0, 10, 5, 4, 4]
1 2
[18.0, 1.4142135623730951, 1.0, 1.4142135623730951, 1.0, 1.4142135623730951, 1.0, 9.899494936611665, 0, 0, 0, 0, 0, 0, 0, 0, 10, 5, 4, 4]
1 1
[1.0, 1.4142135623730951, 1.0, 1.4142135623730951, 1.0, 1.4142135623730951, 1.0, 1.4142135623730951, 0, 0, 0, 0, 0, 0, 0, 0, 9, 4, 3, 4]
1 3
[17.0, 1.4142135623730951, 1.0, 1.4142135623730951, 1.0, 1.4142135623730951, 6.0, 8.48528137423857, 0, 0, 0, 0, 0, 0, 0, 0, 9, 4, 4, 5]
2 3
[17.0, 2.8284271247461903, 1.0, 1.4142135623730951, 1.0, 1.4142135623730951, 5.0, 8.48528137423857, 0, 0, 0, 0, 0, 0, 0, 0, 8, 3, 4, 5]
1 4
[16.0, 1.4142135623730951, 1.0, 1.4142135623730951, 1.0, 2.8284271247461903, 6.0, 8.48528137423857, 0, 0, 0, 0, 0, 0, 0, 0, 8, 3, 4, 5]
2 4
[16.0, 2.8284271247461903, 1.0, 1.4142135623730951, 2.0, 2.8284271247461903, 5.0, 7.0710678118654755, 0, 0, 0, 0, 0, 0, 0, 0, 7, 2, 4, 5]
1 5
[15.0, 1.4142135623730951, 1.0, 1.4142135623730951, 1.0, 4.242640687119285, 6.0, 8.48528137423857, 0, 0, 0, 0, 0, 0, 0, 0, 7, 2, 4, 5]
2 5
[15.0, 2.8284271247461903, 1.0, 1.4142135623730951, 3.0, 7.0710678118654755, 5.0, 7.0710678118654755, 0, 0, 0, 0, 0, 0, 0, 0, 6, 1, 4, 5]
1 6
[14.0, 1.4142135623730951, 1.0, 1.4142135623730951, 1.0, 8.48528137423857, 20.0, 19.79898987322333, 0, 0, 0, 0, 0, 0, 0, 0, 6, 1, 4, 5]
2 6
[14.0, 2.8284271247461903, 1.0, 1.4142135623730951, 4.0, 8.48528137423857, 19.0, 7.0710678118654755, 0, 0, 0, 0, 0, 0, 0, 0, 12, 6, 4, 5]
1 7
[13.0, 1.4142135623730951, 1.0, 1.4142135623730951, 1.0, 9.899494936611665, 20.0, 11.313708498984761, 0, 0, 0, 0, 0, 0, 0, 0, 12, 6, 4, 5]
2 7
[13.0, 2.8284271247461903, 1.0, 1.4142135623730951, 5.0, 9.899494936611665, 19.0, 18.384776310850235, 0, 0, 0, 0, 0, 0, 0, 0, 12, 6, 4, 5]
1 8
[12.0, 1.4142135623730951, 1.0, 1.4142135623730951, 1.0, 11.313708498984761, 20.0, 9.899494936611665, 0, 0, 0, 0, 0, 0, 0, 0, 12, 6, 4, 5]
2 6
[1.0, 1.4142135623730951, 1.0, 1.4142135623730951, 4.0, 8.48528137423857, 19.0, 7.0710678118654755, 0, 0, 0, 0, 0, 0, 0, 0, 12, 6, 4, 5]
3 7
[13.0, 4.242640687119285, 1.0, 2.8284271247461903, 5.0, 5.656854249492381, 18.0, 5.656854249492381, 0, 0, 0, 0, 0, 0, 0, 0, 12, 6, 4, 5]
2 8
[12.0, 2.8284271247461903, 2.0, 1.4142135623730951, 1.0, 7.0710678118654755, 19.0, 9.899494936611665, 0, 0, 0, 0, 0, 0, 0, 0, 12, 6, 4, 5]
3 8
[12.0, 4.242640687119285, 1.0, 1.4142135623730951, 6.0, 5.656854249492381, 18.0, 16.97056274847714, 0, 0, 0, 0, 0, 0, 0, 0, 12, 6, 4, 5]
2 9
[11.0, 2.8284271247461903, 2.0, 2.8284271247461903, 1.0, 7.0710678118654755, 5.0, 8.48528137423857, 0, 0, 0, 0, 0, 0, 0, 0, 12, 6, 4, 5]
1 8
[12.0, 1.4142135623730951, 1.0, 1.4142135623730951, 1.0, 1.4142135623730951, 1.0, 9.899494936611665, 0, 0, 0, 0, 0, 0, 0, 0, 12, 6, 4, 5]
3 7
[1.0, 1.4142135623730951, 1.0, 2.8284271247461903, 5.0, 5.656854249492381, 18.0, 5.656854249492381, 0, 0, 0, 0, 0, 0, 0, 0, 12, 6, 4, 5]
4 8
[12.0, 5.656854249492381, 1.0, 4.242640687119285, 6.0, 4.242640687119285, 17.0, 4.242640687119285, 0, 0, 0, 0, 0, 0, 0, 0, 12, 6, 4, 5]
3 9
[11.0, 4.242640687119285, 3.0, 1.4142135623730951, 1.0, 5.656854249492381, 4.0, 8.48528137423857, 0, 0, 0, 0, 0, 0, 0, 0, 12, 6, 4, 5]
3 6
[1.0, 1.4142135623730951, 2.0, 2.8284271247461903, 4.0, 8.48528137423857, 18.0, 5.656854249492381, 0, 0, 0, 0, 0, 0, 0, 0, 12, 6, 4, 5]
4 7
[13.0, 1.4142135623730951, 1.0, 4.242640687119285, 5.0, 4.242640687119285, 17.0, 4.242640687119285, 0, 0, 0, 0, 0, 0, 0, 0, 12, 6, 4, 5]
2 7
[1.0, 2.8284271247461903, 1.0, 1.4142135623730951, 5.0, 9.899494936611665, 1.0, 1.4142135623730951, 0, 0, 0, 0, 0, 0, 0, 0, 12, 6, 3, 4]
3 5
[1.0, 2.8284271247461903, 2.0, 2.8284271247461903, 3.0, 7.0710678118654755, 4.0, 5.656854249492381, 0, 0, 0, 0, 0, 0, 0, 0, 12, 6, 4, 5]
4 6
[14.0, 1.4142135623730951, 1.0, 4.242640687119285, 4.0, 4.242640687119285, 17.0, 4.242640687119285, 0, 0, 0, 0, 0, 0, 0, 0, 12, 6, 4, 5]
2 6
[1.0, 1.4142135623730951, 1.0, 1.4142135623730951, 4.0, 8.48528137423857, 1.0, 1.4142135623730951, 0, 0, 0, 0, 0, 0, 0, 0, 12, 6, 4, 5]
4 5
[1.0, 1.4142135623730951, 3.0, 4.242640687119285, 3.0, 7.0710678118654755, 3.0, 5.656854249492381, 0, 0, 0, 0, 0, 0, 0, 0, 12, 6, 4, 5]
5 6
[14.0, 2.8284271247461903, 1.0, 5.656854249492381, 6.0, 2.8284271247461903, 16.0, 4.242640687119285, 0, 0, 0, 0, 0, 0, 0, 0, 12, 6, 4, 5]
4 7
[13.0, 1.4142135623730951, 1.0, 1.4142135623730951, 1.0, 4.242640687119285, 17.0, 4.242640687119285, 0, 0, 0, 0, 0, 0, 0, 0, 12, 6, 4, 5]
5 7
[13.0, 7.0710678118654755, 1.0, 1.4142135623730951, 7.0, 2.8284271247461903, 16.0, 2.8284271247461903, 0, 0, 0, 0, 0, 0, 0, 0, 12, 6, 4, 5]
4 8
[12.0, 5.656854249492381, 1.0, 1.4142135623730951, 1.0, 4.242640687119285, 17.0, 4.242640687119285, 0, 0, 0, 0, 0, 0, 0, 0, 12, 6, 4, 5]
3 7
[1.0, 1.4142135623730951, 1.0, 2.8284271247461903, 1.0, 1.4142135623730951, 1.0, 5.656854249492381, 0, 0, 0, 0, 0, 0, 0, 0, 12, 6, 3, 4]
5 8
[12.0, 7.0710678118654755, 1.0, 1.4142135623730951, 8.0, 4.242640687119285, 16.0, 2.8284271247461903, 0, 0, 0, 0, 0, 0, 0, 0, 12, 6, 4, 5]
4 9
[11.0, 5.656854249492381, 4.0, 1.4142135623730951, 1.0, 5.656854249492381, 3.0, 15.556349186104045, 0, 0, 0, 0, 0, 0, 0, 0, 12, 6, 4, 5]
3 8
[12.0, 4.242640687119285, 1.0, 1.4142135623730951, 1.0, 1.4142135623730951, 1.0, 16.97056274847714, 0, 0, 0, 0, 0, 0, 0, 0, 12, 6, 3, 4]
3 7
[1.0, 1.4142135623730951, 1.0, 2.8284271247461903, 1.0, 1.4142135623730951, 1.0, 1.4142135623730951, 0, 0, 0, 0, 0, 0, 0, 0, 11, 6, 3, 3]
3 9
[11.0, 4.242640687119285, 3.0, 1.4142135623730951, 1.0, 1.4142135623730951, 4.0, 8.48528137423857, 0, 0, 0, 0, 0, 0, 0, 0, 11, 6, 4, 4]
2 8
[12.0, 2.8284271247461903, 2.0, 1.4142135623730951, 1.0, 1.4142135623730951, 1.0, 9.899494936611665, 0, 0, 0, 0, 0, 0, 0, 0, 11, 6, 3, 3]
2 7
[1.0, 2.8284271247461903, 1.0, 1.4142135623730951, 5.0, 1.4142135623730951, 1.0, 1.4142135623730951, 0, 0, 0, 0, 0, 0, 0, 0, 10, 5, 3, 2]
2 9
[11.0, 2.8284271247461903, 2.0, 2.8284271247461903, 1.0, 1.4142135623730951, 5.0, 8.48528137423857, 0, 0, 0, 0, 0, 0, 0, 0, 10, 5, 4, 3]
1 8
[12.0, 1.4142135623730951, 1.0, 1.4142135623730951, 1.0, 1.4142135623730951, 1.0, 9.899494936611665, 0, 0, 0, 0, 0, 0, 0, 0, 10, 5, 4, 3]
1 7
[1.0, 1.4142135623730951, 1.0, 1.4142135623730951, 1.0, 9.899494936611665, 1.0, 1.4142135623730951, 0, 0, 0, 0, 0, 0, 0, 0, 9, 4, 3, 2]
1 9
[11.0, 1.4142135623730951, 1.0, 1.4142135623730951, 1.0, 1.4142135623730951, 6.0, 8.48528137423857, 0, 0, 0, 0, 0, 0, 0, 0, 9, 4, 4, 3]
2 9
[11.0, 2.8284271247461903, 1.0, 1.4142135623730951, 1.0, 1.4142135623730951, 5.0, 8.48528137423857, 0, 0, 0, 0, 0, 0, 0, 0, 8, 3, 4, 3]
1 10
[10.0, 1.4142135623730951, 1.0, 1.4142135623730951, 1.0, 2.8284271247461903, 6.0, 8.48528137423857, 0, 0, 0, 0, 0, 0, 0, 0, 8, 3, 4, 3]
2 10
[10.0, 2.8284271247461903, 1.0, 1.4142135623730951, 2.0, 2.8284271247461903, 5.0, 7.0710678118654755, 0, 0, 0, 0, 0, 0, 0, 0, 7, 2, 4, 3]
1 11
[9.0, 1.4142135623730951, 1.0, 1.4142135623730951, 1.0, 4.242640687119285, 6.0, 8.48528137423857, 0, 0, 0, 0, 0, 0, 0, 0, 7, 2, 4, 3]
2 11
[9.0, 2.8284271247461903, 1.0, 1.4142135623730951, 3.0, 8.48528137423857, 5.0, 7.0710678118654755, 0, 0, 0, 0, 0, 0, 0, 0, 6, 1, 4, 3]
1 12
[8.0, 1.4142135623730951, 1.0, 1.4142135623730951, 1.0, 9.899494936611665, 20.0, 11.313708498984761, 0, 0, 0, 0, 0, 0, 0, 0, 6, 1, 4, 3]
2 12
[8.0, 2.8284271247461903, 1.0, 1.4142135623730951, 4.0, 9.899494936611665, 19.0, 7.0710678118654755, 0, 0, 0, 0, 0, 0, 0, 0, 12, 6, 4, 3]
1 13
[7.0, 1.4142135623730951, 1.0, 1.4142135623730951, 1.0, 11.313708498984761, 20.0, 9.899494936611665, 0, 0, 0, 0, 0, 0, 0, 0, 12, 6, 4, 3]
2 13
[7.0, 2.8284271247461903, 1.0, 1.4142135623730951, 5.0, 18.384776310850235, 19.0, 9.899494936611665, 0, 0, 0, 0, 0, 0, 0, 0, 12, 6, 4, 3]
1 14
[6.0, 1.4142135623730951, 1.0, 1.4142135623730951, 1.0, 19.79898987322333, 20.0, 8.48528137423857, 0, 0, 0, 0, 0, 0, 0, 0, 12, 6, 4, 3]
2 14
[6.0, 2.8284271247461903, 1.0, 1.4142135623730951, 6.0, 7.0710678118654755, 19.0, 8.48528137423857, 0, 0, 0, 0, 0, 0, 0, 0, 12, 6, 4, 3]
1 15
[5.0, 1.4142135623730951, 1.0, 1.4142135623730951, 1.0, 8.48528137423857, 6.0, 7.0710678118654755, 0, 0, 0, 0, 0, 0, 0, 0, 12, 6, 4, 3]
2 13
[1.0, 1.4142135623730951, 1.0, 1.4142135623730951, 5.0, 18.384776310850235, 19.0, 9.899494936611665, 0, 0, 0, 0, 0, 0, 0, 0, 12, 6, 4, 3]
3 14
[6.0, 4.242640687119285, 1.0, 2.8284271247461903, 6.0, 5.656854249492381, 18.0, 8.48528137423857, 0, 0, 0, 0, 0, 0, 0, 0, 12, 6, 4, 3]
2 15
[5.0, 2.8284271247461903, 2.0, 1.4142135623730951, 1.0, 7.0710678118654755, 5.0, 7.0710678118654755, 0, 0, 0, 0, 0, 0, 0, 0, 12, 6, 4, 3]
2 12
[1.0, 1.4142135623730951, 1.0, 1.4142135623730951, 4.0, 9.899494936611665, 19.0, 7.0710678118654755, 0, 0, 0, 0, 0, 0, 0, 0, 12, 6, 4, 3]
3 13
[7.0, 1.4142135623730951, 1.0, 2.8284271247461903, 5.0, 5.656854249492381, 18.0, 5.656854249492381, 0, 0, 0, 0, 0, 0, 0, 0, 12, 6, 4, 3]
1 13
[1.0, 1.4142135623730951, 1.0, 1.4142135623730951, 1.0, 11.313708498984761, 1.0, 1.4142135623730951, 0, 0, 0, 0, 0, 0, 0, 0, 12, 6, 3, 2]
2 11
[1.0, 1.4142135623730951, 1.0, 1.4142135623730951, 3.0, 8.48528137423857, 5.0, 7.0710678118654755, 0, 0, 0, 0, 0, 0, 0, 0, 12, 6, 4, 3]
3 12
[8.0, 1.4142135623730951, 1.0, 2.8284271247461903, 4.0, 16.97056274847714, 18.0, 5.656854249492381, 0, 0, 0, 0, 0, 0, 0, 0, 12, 6, 4, 3]
1 12
[1.0, 1.4142135623730951, 1.0, 1.4142135623730951, 1.0, 9.899494936611665, 1.0, 1.4142135623730951, 0, 0, 0, 0, 0, 0, 0, 0, 12, 6, 3, 2]
3 11
[1.0, 1.4142135623730951, 2.0, 2.8284271247461903, 3.0, 8.48528137423857, 4.0, 5.656854249492381, 0, 0, 0, 0, 0, 0, 0, 0, 12, 6, 4, 3]
4 12
[8.0, 2.8284271247461903, 1.0, 4.242640687119285, 4.0, 4.242640687119285, 17.0, 4.242640687119285, 0, 0, 0, 0, 0, 0, 0, 0, 12, 6, 4, 3]
3 13
[7.0, 1.4142135623730951, 1.0, 1.4142135623730951, 1.0, 5.656854249492381, 18.0, 5.656854249492381, 0, 0, 0, 0, 0, 0, 0, 0, 12, 6, 4, 3]
4 13
[7.0, 5.656854249492381, 1.0, 1.4142135623730951, 5.0, 4.242640687119285, 17.0, 4.242640687119285, 0, 0, 0, 0, 0, 0, 0, 0, 12, 6, 4, 3]
3 14
[6.0, 4.242640687119285, 1.0, 1.4142135623730951, 1.0, 5.656854249492381, 18.0, 8.48528137423857, 0, 0, 0, 0, 0, 0, 0, 0, 12, 6, 4, 3]
2 13
[1.0, 1.4142135623730951, 1.0, 1.4142135623730951, 1.0, 1.4142135623730951, 1.0, 9.899494936611665, 0, 0, 0, 0, 0, 0, 0, 0, 12, 6, 3, 2]
4 14
[6.0, 5.656854249492381, 1.0, 1.4142135623730951, 6.0, 4.242640687119285, 17.0, 4.242640687119285, 0, 0, 0, 0, 0, 0, 0, 0, 12, 6, 4, 3]
3 15
[5.0, 4.242640687119285, 3.0, 1.4142135623730951, 1.0, 5.656854249492381, 4.0, 7.0710678118654755, 0, 0, 0, 0, 0, 0, 0, 0, 12, 6, 4, 3]
2 14
[6.0, 2.8284271247461903, 1.0, 1.4142135623730951, 1.0, 1.4142135623730951, 1.0, 8.48528137423857, 0, 0, 0, 0, 0, 0, 0, 0, 12, 6, 3, 2]
4 13
[1.0, 1.4142135623730951, 1.0, 1.4142135623730951, 5.0, 4.242640687119285, 17.0, 4.242640687119285, 0, 0, 0, 0, 0, 0, 0, 0, 12, 6, 4, 4]
5 14
[6.0, 7.0710678118654755, 1.0, 2.8284271247461903, 14.0, 4.242640687119285, 16.0, 2.8284271247461903, 0, 0, 0, 0, 0, 0, 0, 0, 12, 6, 4, 4]
4 15
[5.0, 5.656854249492381, 4.0, 1.4142135623730951, 1.0, 5.656854249492381, 3.0, 7.0710678118654755, 0, 0, 0, 0, 0, 0, 0, 0, 12, 6, 4, 4]
4 12
[1.0, 1.4142135623730951, 1.0, 4.242640687119285, 4.0, 4.242640687119285, 17.0, 4.242640687119285, 0, 0, 0, 0, 0, 0, 0, 0, 12, 6, 4, 5]
5 13
[7.0, 1.4142135623730951, 1.0, 5.656854249492381, 13.0, 2.8284271247461903, 16.0, 2.8284271247461903, 0, 0, 0, 0, 0, 0, 0, 0, 12, 6, 4, 5]
3 13
[1.0, 1.4142135623730951, 1.0, 1.4142135623730951, 1.0, 5.656854249492381, 1.0, 1.4142135623730951, 0, 0, 0, 0, 0, 0, 0, 0, 12, 6, 3, 4]
4 11
[1.0, 1.4142135623730951, 3.0, 4.242640687119285, 3.0, 15.556349186104045, 3.0, 5.656854249492381, 0, 0, 0, 0, 0, 0, 0, 0, 12, 6, 4, 6]
5 12
[8.0, 1.4142135623730951, 1.0, 5.656854249492381, 12.0, 2.8284271247461903, 16.0, 4.242640687119285, 0, 0, 0, 0, 0, 0, 0, 0, 12, 6, 4, 6]
3 12
[1.0, 1.4142135623730951, 1.0, 2.8284271247461903, 4.0, 16.97056274847714, 1.0, 1.4142135623730951, 0, 0, 0, 0, 0, 0, 0, 0, 12, 6, 3, 5]
5 11
[1.0, 1.4142135623730951, 4.0, 4.242640687119285, 11.0, 2.8284271247461903, 2.0, 5.656854249492381, 0, 0, 0, 0, 0, 0, 0, 0, 12, 6, 4, 7]
6 12
[8.0, 2.8284271247461903, 1.0, 5.656854249492381, 12.0, 1.4142135623730951, 15.0, 4.242640687119285, 0, 0, 0, 0, 0, 0, 0, 0, 12, 6, 4, 7]
5 13
[7.0, 1.4142135623730951, 1.0, 1.4142135623730951, 1.0, 2.8284271247461903, 16.0, 2.8284271247461903, 0, 0, 0, 0, 0, 0, 0, 0, 12, 6, 4, 7]
6 11
[1.0, 1.4142135623730951, 5.0, 4.242640687119285, 11.0, 1.4142135623730951, 1.0, 12.727922061357855, 0, 0, 0, 0, 0, 0, 0, 0, 12, 6, 4, 8]
7 12
[3.0, 9.899494936611665, 1.0, 5.656854249492381, 1.0, 1.4142135623730951, 14.0, 11.313708498984761, 0, 0, 0, 0, 0, 0, 0, 0, 12, 6, 4, 8]
6 13
[7.0, 8.48528137423857, 2.0, 1.4142135623730951, 1.0, 2.8284271247461903, 15.0, 2.8284271247461903, 0, 0, 0, 0, 0, 0, 0, 0, 12, 6, 4, 8]
8 12
[3.0, 11.313708498984761, 1.0, 1.4142135623730951, 1.0, 1.4142135623730951, 13.0, 11.313708498984761, 0, 0, 0, 0, 0, 0, 0, 0, 12, 6, 4, 9]
7 13
[2.0, 9.899494936611665, 3.0, 1.4142135623730951, 1.0, 2.8284271247461903, 14.0, 2.8284271247461903, 0, 0, 0, 0, 0, 0, 0, 0, 12, 6, 4, 9]
9 12
[3.0, 11.313708498984761, 1.0, 1.4142135623730951, 1.0, 9.899494936611665, 12.0, 11.313708498984761, 0, 0, 0, 0, 0, 0, 0, 0, 12, 6, 4, 10]
8 13
[2.0, 9.899494936611665, 4.0, 1.4142135623730951, 1.0, 11.313708498984761, 13.0, 9.899494936611665, 0, 0, 0, 0, 0, 0, 0, 0, 12, 6, 4, 10]
9 13
[2.0, 2.8284271247461903, 1.0, 1.4142135623730951, 2.0, 11.313708498984761, 12.0, 9.899494936611665, 0, 0, 0, 0, 0, 0, 0, 0, 12, 6, 4, 11]
8 14
[1.0, 1.4142135623730951, 4.0, 2.8284271247461903, 1.0, 12.727922061357855, 13.0, 1.4142135623730951, 0, 0, 0, 0, 0, 0, 0, 0, 12, 6, 4, 11]
7 13
[2.0, 9.899494936611665, 3.0, 1.4142135623730951, 1.0, 1.4142135623730951, 1.0, 2.8284271247461903, 0, 0, 0, 0, 0, 0, 0, 0, 12, 6, 4, 11]
9 12
[1.0, 1.4142135623730951, 1.0, 1.4142135623730951, 1.0, 9.899494936611665, 12.0, 11.313708498984761, 0, 0, 0, 0, 0, 0, 0, 0, 12, 6, 4, 12]
10 13
[7.0, 2.8284271247461903, 1.0, 2.8284271247461903, 13.0, 11.313708498984761, 11.0, 9.899494936611665, 0, 0, 0, 0, 0, 0, 0, 0, 12, 6, 4, 12]
9 14
[1.0, 1.4142135623730951, 5.0, 1.4142135623730951, 1.0, 12.727922061357855, 12.0, 8.48528137423857, 0, 0, 0, 0, 0, 0, 0, 0, 12, 6, 4, 12]
10 12
[8.0, 1.4142135623730951, 1.0, 1.4142135623730951, 12.0, 9.899494936611665, 11.0, 11.313708498984761, 0, 0, 0, 0, 0, 0, 0, 0, 12, 6, 4, 52]
8 12
[1.0, 11.313708498984761, 1.0, 1.4142135623730951, 1.0, 1.4142135623730951, 1.0, 1.4142135623730951, 0, 0, 0, 0, 0, 0, 0, 0, 12, 6, 3, 51]
Winner side: Blue
Details:
  Scores:
    Blue -> 43
    Yellow -> -8
